     1        0   129600   0.000
     2    20038   129600   0.020
     3    40075   129600   0.040
     4    60112   129600   0.060
     5    80149   129600   0.080
     6   100186   129600   0.100
     7   120223   130978   0.120
     8   140260   130978   0.140
     9   160297   130978   0.160
    10   180334   130978   0.180
    11   200371   130978   0.200
    12   220408   130978   0.220
    13   240445   133113   0.240
    14   260482   133113   0.260
    15   280519   133113   0.280
    16   300556   133113   0.300
    17   320593   133113   0.320
    18   340630   133113   0.340
    19   360667   135438   0.360
    20   380704   135438   0.380
    21   400741   135438   0.400
    22   420778   135438   0.420
    23   440815   135438   0.440
    24   460852   135438   0.460
    25   480889   137922   0.480
    26   500926   137922   0.500
    27   520963   137922   0.520
    28   541000   137922   0.540
    29   561037   137922   0.560
    30   581074   137922   0.580
    31   601111   140489   0.600
    32   621148   140489   0.620
    33   641185   140489   0.640
    34   661222   140489   0.660
    35   681259   140489   0.680
    36   701296   143102   0.700
    37   721333   143102   0.720
    38   741370   143102   0.740
    39   761407   143102   0.760
    40   781444   143102   0.780
    41   801481   143102   0.800
    42   821518   145866   0.820
    43   841555   145866   0.840
    44   861592   145866   0.860
    45   881629   145866   0.880
    46   901666   145866   0.900
    47   921703   145866   0.920
    48   941740   148655   0.940
    49   961777   148655   0.960
    50   981814   148655   0.980
    51  1001851   148655   1.000
    52  1021888   148655   1.020
    53  1041925   148655   1.040
    54  1061962   151527   1.060
    55  1081999   151527   1.080
    56  1102036   151527   1.100
    57  1122073   151527   1.120
    58  1142110   151527   1.140
    59  1162147   151527   1.160
    60  1182184   154454   1.180
    61  1202221   154454   1.200
    62  1222258   154454   1.220
    63  1242295   154454   1.240
    64  1262332   154454   1.260
    65  1282369   154454   1.280
    66  1302406   157385   1.300
    67  1322443   157385   1.320
    68  1342480   157385   1.340
    69  1362517   157385   1.360
    70  1382554   157385   1.380
    71  1402591   160556   1.400
    72  1422628   160556   1.420
    73  1442665   160556   1.440
    74  1462702   160556   1.460
    75  1482739   160556   1.480
    76  1502776   160556   1.500
    77  1522813   163610   1.520
    78  1542850   163610   1.540
    79  1562887   163610   1.560
    80  1582924   163610   1.580
    81  1602961   163610   1.600
    82  1622998   163610   1.620
    83  1643035   166607   1.640
    84  1663072   166607   1.660
    85  1683109   166607   1.680
    86  1703146   166607   1.700
    87  1723183   166607   1.720
    88  1743220   166607   1.740
    89  1763257   170073   1.760
    90  1783294   170073   1.780
    91  1803331   170073   1.800
    92  1823368   170073   1.820
    93  1843405   170073   1.840
    94  1863442   170073   1.860
    95  1883479   173147   1.880
    96  1903516   173147   1.900
    97  1923553   173147   1.920
    98  1943590   173147   1.940
    99  1963627   173147   1.960
   100  1983664   173147   1.980
   101  2003701   176147   2.000
   102  2023738   176147   2.020
