      1000   0.001 -0.172E+11 -0.201E+11
      2000   0.002 -0.332E+11 -0.357E+11
      3000   0.003 -0.352E+11 -0.390E+11
      4000   0.004 -0.359E+11 -0.415E+11
      5000   0.005 -0.338E+11 -0.384E+11
      6000   0.006 -0.313E+11 -0.351E+11
      7000   0.007 -0.294E+11 -0.337E+11
      8000   0.008 -0.286E+11 -0.330E+11
      9000   0.009 -0.257E+11 -0.289E+11
     10000   0.010 -0.253E+11 -0.258E+11
     11000   0.011 -0.255E+11 -0.223E+11
     12000   0.012 -0.255E+11 -0.196E+11
     13000   0.013 -0.247E+11 -0.173E+11
     14000   0.014 -0.232E+11 -0.172E+11
     15000   0.015 -0.219E+11 -0.143E+11
     16000   0.016 -0.200E+11 -0.109E+11
     17000   0.017 -0.159E+11 -0.985E+10
     18000   0.018 -0.151E+11 -0.844E+10
     19000   0.019 -0.141E+11 -0.729E+10
     20000   0.020 -0.124E+11 -0.587E+10
     21000   0.021 -0.983E+10 -0.595E+10
     22000   0.022 -0.819E+10 -0.459E+10
     23000   0.023 -0.649E+10 -0.232E+10
     24000   0.024 -0.842E+10  0.911E+09
     25000   0.025 -0.839E+10  0.138E+10
     26000   0.026 -0.295E+10 -0.377E+10
     27000   0.027  0.534E+10 -0.300E+10
     28000   0.028  0.550E+10 -0.309E+10
     29000   0.029  0.241E+09  0.528E+09
     30000   0.030  0.256E+09  0.900E+09
     31000   0.031  0.351E+10 -0.387E+10
     32000   0.032 -0.111E+11  0.106E+11
     33000   0.033  0.172E+11 -0.101E+11
     34000   0.034 -0.433E+10  0.207E+11
     35000   0.035  0.313E+11  0.125E+11
     36000   0.036  0.269E+11  0.159E+11
     37000   0.037  0.446E+10  0.861E+10
     38000   0.038  0.225E+11 -0.799E+10
     39000   0.039 -0.260E+10  0.282E+11
     40000   0.040  0.190E+11  0.333E+10
     41000   0.041  0.895E+10  0.166E+11
     42000   0.042  0.529E+10  0.977E+10
     43000   0.043  0.166E+11 -0.428E+10
     44000   0.044 -0.141E+11  0.416E+11
     45000   0.045  0.150E+11  0.145E+11
     46000   0.046  0.185E+11  0.715E+10
     47000   0.047 -0.219E+10  0.506E+11
     48000   0.048  0.142E+11  0.189E+11
     49000   0.049  0.169E+11  0.395E+10
     50000   0.050  0.140E+10  0.145E+11
     51000   0.051  0.223E+11 -0.739E+10
     52000   0.052 -0.210E+10  0.153E+11
     53000   0.053  0.155E+11 -0.385E+10
     54000   0.054  0.820E+10  0.138E+10
     55000   0.055 -0.984E+10  0.213E+11
     56000   0.056  0.301E+11  0.170E+10
     57000   0.057  0.574E+10  0.262E+11
     58000   0.058  0.256E+10  0.494E+10
     59000   0.059  0.106E+10 -0.434E+10
     60000   0.060 -0.383E+10  0.522E+10
     61000   0.061  0.360E+10 -0.201E+11
     62000   0.062 -0.151E+11 -0.765E+10
     63000   0.063  0.827E+09 -0.133E+11
     64000   0.064 -0.261E+10 -0.182E+11
     65000   0.065 -0.115E+11 -0.147E+11
     66000   0.066 -0.157E+11 -0.197E+11
     67000   0.067 -0.132E+11 -0.156E+11
     68000   0.068 -0.305E+11 -0.275E+11
     69000   0.069 -0.206E+11 -0.282E+11
     70000   0.070 -0.314E+11 -0.241E+11
     71000   0.071 -0.245E+11 -0.311E+11
     72000   0.072 -0.379E+11 -0.249E+11
     73000   0.073 -0.362E+11 -0.368E+11
     74000   0.074 -0.410E+11 -0.291E+11
     75000   0.075 -0.342E+11 -0.351E+11
     76000   0.076 -0.397E+11 -0.355E+11
     77000   0.077 -0.419E+11 -0.419E+11
     78000   0.078 -0.443E+11 -0.521E+11
     79000   0.079 -0.500E+11 -0.527E+11
     80000   0.080 -0.545E+11 -0.561E+11
     81000   0.081 -0.551E+11 -0.654E+11
     82000   0.082 -0.666E+11 -0.607E+11
     83000   0.083 -0.602E+11 -0.729E+11
     84000   0.084 -0.697E+11 -0.678E+11
     85000   0.085 -0.692E+11 -0.642E+11
     86000   0.086 -0.612E+11 -0.730E+11
     87000   0.087 -0.733E+11 -0.644E+11
     88000   0.088 -0.720E+11 -0.765E+11
     89000   0.089 -0.776E+11 -0.804E+11
     90000   0.090 -0.853E+11 -0.855E+11
     91000   0.091 -0.871E+11 -0.973E+11
     92000   0.092 -0.950E+11 -0.847E+11
     93000   0.093 -0.866E+11 -0.917E+11
     94000   0.094 -0.102E+12 -0.830E+11
     95000   0.095 -0.931E+11 -0.103E+12
     96000   0.096 -0.102E+12 -0.958E+11
     97000   0.097 -0.103E+12 -0.102E+12
     98000   0.098 -0.100E+12 -0.110E+12
     99000   0.099 -0.109E+12 -0.110E+12
    100000   0.100 -0.104E+12 -0.116E+12
    101000   0.101 -0.112E+12 -0.114E+12
    102000   0.102 -0.116E+12 -0.120E+12
    103000   0.103 -0.121E+12 -0.119E+12
    104000   0.104 -0.128E+12 -0.120E+12
    105000   0.105 -0.127E+12 -0.130E+12
    106000   0.106 -0.144E+12 -0.126E+12
    107000   0.107 -0.132E+12 -0.143E+12
    108000   0.108 -0.141E+12 -0.137E+12
    109000   0.109 -0.142E+12 -0.145E+12
    110000   0.110 -0.136E+12 -0.159E+12
    111000   0.111 -0.148E+12 -0.144E+12
    112000   0.112 -0.146E+12 -0.165E+12
    113000   0.113 -0.162E+12 -0.149E+12
    114000   0.114 -0.152E+12 -0.168E+12
    115000   0.115 -0.169E+12 -0.163E+12
    116000   0.116 -0.173E+12 -0.170E+12
    117000   0.117 -0.185E+12 -0.188E+12
    118000   0.118 -0.183E+12 -0.180E+12
    119000   0.119 -0.179E+12 -0.183E+12
    120000   0.120 -0.184E+12 -0.192E+12
    121000   0.121 -0.186E+12 -0.187E+12
    122000   0.122 -0.187E+12 -0.188E+12
    123000   0.123 -0.189E+12 -0.187E+12
    124000   0.124 -0.188E+12 -0.189E+12
    125000   0.125 -0.189E+12 -0.190E+12
    126000   0.126 -0.189E+12 -0.191E+12
    127000   0.127 -0.189E+12 -0.191E+12
    128000   0.128 -0.190E+12 -0.191E+12
    129000   0.129 -0.191E+12 -0.191E+12
    130000   0.130 -0.191E+12 -0.192E+12
    131000   0.131 -0.192E+12 -0.192E+12
    132000   0.132 -0.193E+12 -0.192E+12
    133000   0.133 -0.193E+12 -0.193E+12
    134000   0.134 -0.195E+12 -0.194E+12
    135000   0.135 -0.197E+12 -0.196E+12
    136000   0.136 -0.197E+12 -0.202E+12
    137000   0.137 -0.204E+12 -0.203E+12
    138000   0.138 -0.204E+12 -0.203E+12
    139000   0.139 -0.206E+12 -0.206E+12
    140000   0.140 -0.210E+12 -0.207E+12
    141000   0.141 -0.211E+12 -0.210E+12
    142000   0.142 -0.214E+12 -0.212E+12
    143000   0.143 -0.216E+12 -0.215E+12
    144000   0.144 -0.218E+12 -0.219E+12
    145000   0.145 -0.222E+12 -0.220E+12
    146000   0.146 -0.240E+12 -0.223E+12
    147000   0.147 -0.227E+12 -0.227E+12
    148000   0.148 -0.229E+12 -0.228E+12
    149000   0.149 -0.232E+12 -0.230E+12
    150000   0.150 -0.234E+12 -0.234E+12
    151000   0.151 -0.237E+12 -0.235E+12
    152000   0.152 -0.239E+12 -0.240E+12
    153000   0.153 -0.256E+12 -0.241E+12
    154000   0.154 -0.246E+12 -0.242E+12
    155000   0.155 -0.246E+12 -0.246E+12
    156000   0.156 -0.251E+12 -0.248E+12
    157000   0.157 -0.251E+12 -0.253E+12
    158000   0.158 -0.254E+12 -0.252E+12
    159000   0.159 -0.255E+12 -0.256E+12
    160000   0.160 -0.259E+12 -0.257E+12
    161000   0.161 -0.261E+12 -0.261E+12
    162000   0.162 -0.263E+12 -0.263E+12
    163000   0.163 -0.266E+12 -0.266E+12
    164000   0.164 -0.268E+12 -0.268E+12
    165000   0.165 -0.271E+12 -0.271E+12
    166000   0.166 -0.274E+12 -0.273E+12
    167000   0.167 -0.276E+12 -0.275E+12
    168000   0.168 -0.278E+12 -0.279E+12
    169000   0.169 -0.281E+12 -0.283E+12
    170000   0.170 -0.284E+12 -0.284E+12
    171000   0.171 -0.287E+12 -0.287E+12
    172000   0.172 -0.290E+12 -0.289E+12
    173000   0.173 -0.292E+12 -0.291E+12
    174000   0.174 -0.293E+12 -0.295E+12
    175000   0.175 -0.296E+12 -0.295E+12
    176000   0.176 -0.298E+12 -0.298E+12
    177000   0.177 -0.300E+12 -0.300E+12
    178000   0.178 -0.304E+12 -0.304E+12
    179000   0.179 -0.308E+12 -0.307E+12
    180000   0.180 -0.311E+12 -0.311E+12
    181000   0.181 -0.315E+12 -0.313E+12
    182000   0.182 -0.318E+12 -0.318E+12
    183000   0.183 -0.322E+12 -0.321E+12
    184000   0.184 -0.326E+12 -0.325E+12
    185000   0.185 -0.330E+12 -0.328E+12
    186000   0.186 -0.332E+12 -0.332E+12
    187000   0.187 -0.336E+12 -0.335E+12
    188000   0.188 -0.339E+12 -0.338E+12
    189000   0.189 -0.342E+12 -0.341E+12
    190000   0.190 -0.345E+12 -0.345E+12
    191000   0.191 -0.348E+12 -0.347E+12
    192000   0.192 -0.351E+12 -0.350E+12
    193000   0.193 -0.354E+12 -0.353E+12
    194000   0.194 -0.357E+12 -0.357E+12
    195000   0.195 -0.360E+12 -0.359E+12
    196000   0.196 -0.362E+12 -0.362E+12
    197000   0.197 -0.364E+12 -0.364E+12
    198000   0.198 -0.367E+12 -0.367E+12
    199000   0.199 -0.370E+12 -0.369E+12
    200000   0.200 -0.372E+12 -0.371E+12
    201000   0.201 -0.374E+12 -0.373E+12
    202000   0.202 -0.376E+12 -0.375E+12
    203000   0.203 -0.379E+12 -0.377E+12
    204000   0.204 -0.381E+12 -0.379E+12
    205000   0.205 -0.382E+12 -0.382E+12
    206000   0.206 -0.385E+12 -0.382E+12
    207000   0.207 -0.385E+12 -0.385E+12
    208000   0.208 -0.387E+12 -0.386E+12
    209000   0.209 -0.388E+12 -0.387E+12
    210000   0.210 -0.389E+12 -0.389E+12
    211000   0.211 -0.390E+12 -0.390E+12
    212000   0.212 -0.392E+12 -0.391E+12
    213000   0.213 -0.393E+12 -0.393E+12
    214000   0.214 -0.395E+12 -0.393E+12
    215000   0.215 -0.396E+12 -0.395E+12
    216000   0.216 -0.396E+12 -0.396E+12
    217000   0.217 -0.398E+12 -0.396E+12
    218000   0.218 -0.398E+12 -0.398E+12
    219000   0.219 -0.401E+12 -0.399E+12
    220000   0.220 -0.404E+12 -0.400E+12
    221000   0.221 -0.404E+12 -0.400E+12
    222000   0.222 -0.406E+12 -0.403E+12
    223000   0.223 -0.408E+12 -0.403E+12
    224000   0.224 -0.406E+12 -0.405E+12
    225000   0.225 -0.409E+12 -0.406E+12
    226000   0.226 -0.407E+12 -0.405E+12
    227000   0.227 -0.408E+12 -0.406E+12
    228000   0.228 -0.408E+12 -0.406E+12
    229000   0.229 -0.408E+12 -0.408E+12
    230000   0.230 -0.409E+12 -0.410E+12
    231000   0.231 -0.411E+12 -0.410E+12
    232000   0.232 -0.411E+12 -0.411E+12
    233000   0.233 -0.413E+12 -0.412E+12
    234000   0.234 -0.422E+12 -0.421E+12
    235000   0.235 -0.408E+12 -0.405E+12
    236000   0.236 -0.413E+12 -0.402E+12
    237000   0.237 -0.413E+12 -0.396E+12
    238000   0.238 -0.419E+12 -0.408E+12
    239000   0.239 -0.430E+12 -0.414E+12
    240000   0.240 -0.435E+12 -0.413E+12
    241000   0.241 -0.437E+12 -0.417E+12
    242000   0.242 -0.441E+12 -0.425E+12
    243000   0.243 -0.442E+12 -0.433E+12
    244000   0.244 -0.444E+12 -0.438E+12
    245000   0.245 -0.444E+12 -0.440E+12
    246000   0.246 -0.443E+12 -0.444E+12
    247000   0.247 -0.443E+12 -0.443E+12
    248000   0.248 -0.441E+12 -0.442E+12
    249000   0.249 -0.440E+12 -0.441E+12
    250000   0.250 -0.440E+12 -0.439E+12
    251000   0.251 -0.440E+12 -0.438E+12
    252000   0.252 -0.440E+12 -0.438E+12
    253000   0.253 -0.442E+12 -0.436E+12
    254000   0.254 -0.439E+12 -0.436E+12
    255000   0.255 -0.439E+12 -0.435E+12
    256000   0.256 -0.438E+12 -0.433E+12
    257000   0.257 -0.438E+12 -0.432E+12
    258000   0.258 -0.436E+12 -0.432E+12
    259000   0.259 -0.436E+12 -0.434E+12
    260000   0.260 -0.435E+12 -0.434E+12
    261000   0.261 -0.435E+12 -0.434E+12
    262000   0.262 -0.435E+12 -0.434E+12
    263000   0.263 -0.433E+12 -0.432E+12
    264000   0.264 -0.432E+12 -0.432E+12
    265000   0.265 -0.431E+12 -0.432E+12
    266000   0.266 -0.432E+12 -0.433E+12
    267000   0.267 -0.431E+12 -0.433E+12
    268000   0.268 -0.432E+12 -0.427E+12
    269000   0.269 -0.432E+12 -0.427E+12
    270000   0.270 -0.432E+12 -0.427E+12
    271000   0.271 -0.432E+12 -0.428E+12
    272000   0.271 -0.433E+12 -0.430E+12
    273000   0.272 -0.433E+12 -0.431E+12
    274000   0.273 -0.434E+12 -0.431E+12
    275000   0.274 -0.434E+12 -0.433E+12
    276000   0.275 -0.432E+12 -0.436E+12
    277000   0.276 -0.431E+12 -0.435E+12
    278000   0.277 -0.431E+12 -0.434E+12
    279000   0.278 -0.432E+12 -0.433E+12
    280000   0.279 -0.434E+12 -0.433E+12
    281000   0.280 -0.436E+12 -0.432E+12
    282000   0.281 -0.439E+12 -0.435E+12
    283000   0.282 -0.440E+12 -0.435E+12
    284000   0.283 -0.440E+12 -0.435E+12
    285000   0.284 -0.439E+12 -0.435E+12
    286000   0.285 -0.437E+12 -0.437E+12
    287000   0.286 -0.438E+12 -0.438E+12
    288000   0.287 -0.437E+12 -0.440E+12
    289000   0.288 -0.436E+12 -0.441E+12
    290000   0.289 -0.434E+12 -0.440E+12
    291000   0.290 -0.434E+12 -0.442E+12
    292000   0.291 -0.436E+12 -0.443E+12
    293000   0.292 -0.434E+12 -0.443E+12
    294000   0.293 -0.431E+12 -0.443E+12
    295000   0.294 -0.432E+12 -0.443E+12
    296000   0.295 -0.433E+12 -0.442E+12
    297000   0.296 -0.436E+12 -0.440E+12
    298000   0.297 -0.438E+12 -0.441E+12
    299000   0.298 -0.434E+12 -0.441E+12
    300000   0.299 -0.434E+12 -0.441E+12
    301000   0.300 -0.436E+12 -0.437E+12
    302000   0.301 -0.441E+12 -0.440E+12
    303000   0.302 -0.438E+12 -0.442E+12
    304000   0.303 -0.435E+12 -0.446E+12
    305000   0.304 -0.440E+12 -0.443E+12
    306000   0.305 -0.440E+12 -0.443E+12
    307000   0.306 -0.440E+12 -0.442E+12
    308000   0.307 -0.446E+12 -0.439E+12
    309000   0.308 -0.445E+12 -0.447E+12
    310000   0.309 -0.449E+12 -0.441E+12
    311000   0.310 -0.452E+12 -0.441E+12
    312000   0.311 -0.451E+12 -0.442E+12
    313000   0.312 -0.450E+12 -0.442E+12
    314000   0.313 -0.449E+12 -0.441E+12
    315000   0.314 -0.450E+12 -0.446E+12
    316000   0.315 -0.448E+12 -0.447E+12
    317000   0.316 -0.449E+12 -0.449E+12
    318000   0.317 -0.453E+12 -0.448E+12
    319000   0.318 -0.452E+12 -0.449E+12
    320000   0.319 -0.450E+12 -0.454E+12
    321000   0.320 -0.450E+12 -0.449E+12
    322000   0.321 -0.451E+12 -0.446E+12
    323000   0.322 -0.450E+12 -0.446E+12
    324000   0.323 -0.452E+12 -0.447E+12
    325000   0.324 -0.455E+12 -0.448E+12
    326000   0.325 -0.457E+12 -0.448E+12
    327000   0.326 -0.454E+12 -0.455E+12
    328000   0.327 -0.455E+12 -0.460E+12
    329000   0.328 -0.458E+12 -0.455E+12
    330000   0.329 -0.459E+12 -0.456E+12
    331000   0.330 -0.459E+12 -0.453E+12
    332000   0.331 -0.458E+12 -0.450E+12
    333000   0.332 -0.457E+12 -0.452E+12
    334000   0.333 -0.458E+12 -0.452E+12
    335000   0.334 -0.462E+12 -0.451E+12
    336000   0.335 -0.460E+12 -0.452E+12
    337000   0.336 -0.455E+12 -0.454E+12
    338000   0.337 -0.458E+12 -0.456E+12
    339000   0.338 -0.463E+12 -0.453E+12
    340000   0.339 -0.469E+12 -0.455E+12
    341000   0.340 -0.468E+12 -0.457E+12
    342000   0.341 -0.468E+12 -0.457E+12
    343000   0.342 -0.471E+12 -0.457E+12
    344000   0.343 -0.466E+12 -0.459E+12
    345000   0.344 -0.464E+12 -0.465E+12
    346000   0.345 -0.466E+12 -0.467E+12
    347000   0.346 -0.474E+12 -0.468E+12
    348000   0.347 -0.475E+12 -0.461E+12
    349000   0.348 -0.475E+12 -0.460E+12
    350000   0.349 -0.468E+12 -0.465E+12
    351000   0.350 -0.465E+12 -0.467E+12
    352000   0.351 -0.460E+12 -0.469E+12
    353000   0.352 -0.472E+12 -0.479E+12
    354000   0.353 -0.479E+12 -0.486E+12
    355000   0.354 -0.486E+12 -0.487E+12
    356000   0.355 -0.484E+12 -0.487E+12
    357000   0.356 -0.481E+12 -0.495E+12
    358000   0.357 -0.481E+12 -0.502E+12
    359000   0.358 -0.481E+12 -0.501E+12
    360000   0.359 -0.481E+12 -0.496E+12
    361000   0.360 -0.481E+12 -0.496E+12
    362000   0.361 -0.481E+12 -0.496E+12
    363000   0.362 -0.483E+12 -0.492E+12
    364000   0.363 -0.490E+12 -0.493E+12
    365000   0.364 -0.490E+12 -0.496E+12
    366000   0.365 -0.487E+12 -0.494E+12
    367000   0.366 -0.484E+12 -0.491E+12
    368000   0.367 -0.483E+12 -0.490E+12
    369000   0.368 -0.485E+12 -0.490E+12
    370000   0.369 -0.493E+12 -0.488E+12
    371000   0.370 -0.493E+12 -0.486E+12
    372000   0.371 -0.494E+12 -0.485E+12
    373000   0.372 -0.492E+12 -0.485E+12
    374000   0.373 -0.490E+12 -0.489E+12
    375000   0.374 -0.490E+12 -0.491E+12
    376000   0.375 -0.489E+12 -0.492E+12
    377000   0.376 -0.488E+12 -0.493E+12
    378000   0.377 -0.492E+12 -0.491E+12
    379000   0.378 -0.487E+12 -0.489E+12
    380000   0.379 -0.488E+12 -0.488E+12
    381000   0.380 -0.492E+12 -0.488E+12
    382000   0.381 -0.487E+12 -0.486E+12
    383000   0.382 -0.486E+12 -0.486E+12
    384000   0.383 -0.485E+12 -0.485E+12
    385000   0.384 -0.482E+12 -0.484E+12
    386000   0.385 -0.476E+12 -0.482E+12
    387000   0.386 -0.470E+12 -0.479E+12
    388000   0.387 -0.466E+12 -0.475E+12
    389000   0.388 -0.465E+12 -0.475E+12
    390000   0.389 -0.473E+12 -0.476E+12
    391000   0.390 -0.474E+12 -0.480E+12
    392000   0.391 -0.476E+12 -0.475E+12
    393000   0.392 -0.478E+12 -0.475E+12
    394000   0.393 -0.481E+12 -0.480E+12
    395000   0.394 -0.484E+12 -0.482E+12
    396000   0.395 -0.487E+12 -0.484E+12
    397000   0.396 -0.488E+12 -0.486E+12
    398000   0.397 -0.485E+12 -0.487E+12
    399000   0.398 -0.487E+12 -0.488E+12
    400000   0.399 -0.488E+12 -0.485E+12
    401000   0.400 -0.487E+12 -0.486E+12
    402000   0.401 -0.486E+12 -0.485E+12
    403000   0.402 -0.487E+12 -0.488E+12
    404000   0.403 -0.488E+12 -0.491E+12
    405000   0.404 -0.489E+12 -0.491E+12
    406000   0.405 -0.488E+12 -0.490E+12
    407000   0.406 -0.492E+12 -0.490E+12
    408000   0.407 -0.487E+12 -0.489E+12
    409000   0.408 -0.479E+12 -0.488E+12
    410000   0.409 -0.485E+12 -0.487E+12
    411000   0.410 -0.488E+12 -0.486E+12
    412000   0.411 -0.488E+12 -0.492E+12
    413000   0.412 -0.481E+12 -0.490E+12
    414000   0.413 -0.485E+12 -0.481E+12
    415000   0.414 -0.492E+12 -0.488E+12
    416000   0.415 -0.484E+12 -0.490E+12
    417000   0.416 -0.480E+12 -0.493E+12
    418000   0.417 -0.487E+12 -0.500E+12
    419000   0.418 -0.490E+12 -0.489E+12
    420000   0.419 -0.469E+12 -0.500E+12
    421000   0.420 -0.482E+12 -0.498E+12
    422000   0.421 -0.487E+12 -0.505E+12
    423000   0.422 -0.480E+12 -0.495E+12
    424000   0.423 -0.486E+12 -0.485E+12
    425000   0.424 -0.466E+12 -0.497E+12
    426000   0.425 -0.472E+12 -0.473E+12
    427000   0.426 -0.462E+12 -0.491E+12
    428000   0.427 -0.477E+12 -0.476E+12
    429000   0.428 -0.478E+12 -0.479E+12
    430000   0.429 -0.478E+12 -0.471E+12
    431000   0.430 -0.481E+12 -0.476E+12
    432000   0.431 -0.481E+12 -0.478E+12
    433000   0.432 -0.481E+12 -0.473E+12
    434000   0.433 -0.472E+12 -0.479E+12
    435000   0.434 -0.478E+12 -0.479E+12
    436000   0.435 -0.483E+12 -0.484E+12
    437000   0.436 -0.481E+12 -0.487E+12
    438000   0.437 -0.476E+12 -0.486E+12
    439000   0.438 -0.486E+12 -0.478E+12
    440000   0.439 -0.485E+12 -0.490E+12
    441000   0.440 -0.484E+12 -0.481E+12
    442000   0.441 -0.484E+12 -0.483E+12
    443000   0.442 -0.483E+12 -0.487E+12
    444000   0.443 -0.487E+12 -0.489E+12
    445000   0.444 -0.484E+12 -0.494E+12
    446000   0.445 -0.492E+12 -0.490E+12
    447000   0.446 -0.492E+12 -0.494E+12
    448000   0.447 -0.480E+12 -0.489E+12
    449000   0.448 -0.490E+12 -0.488E+12
    450000   0.449 -0.497E+12 -0.491E+12
    451000   0.450 -0.495E+12 -0.494E+12
    452000   0.451 -0.498E+12 -0.492E+12
    453000   0.452 -0.499E+12 -0.496E+12
    454000   0.453 -0.499E+12 -0.505E+12
    455000   0.454 -0.490E+12 -0.507E+12
    456000   0.455 -0.504E+12 -0.493E+12
    457000   0.456 -0.504E+12 -0.504E+12
    458000   0.457 -0.490E+12 -0.506E+12
    459000   0.458 -0.500E+12 -0.502E+12
    460000   0.459 -0.498E+12 -0.489E+12
    461000   0.460 -0.507E+12 -0.505E+12
    462000   0.461 -0.504E+12 -0.506E+12
    463000   0.462 -0.510E+12 -0.500E+12
    464000   0.463 -0.509E+12 -0.499E+12
    465000   0.464 -0.510E+12 -0.499E+12
    466000   0.465 -0.506E+12 -0.507E+12
    467000   0.466 -0.508E+12 -0.513E+12
    468000   0.467 -0.514E+12 -0.515E+12
    469000   0.468 -0.492E+12 -0.489E+12
    470000   0.469 -0.488E+12 -0.482E+12
    471000   0.470 -0.485E+12 -0.477E+12
    472000   0.471 -0.481E+12 -0.495E+12
    473000   0.472 -0.487E+12 -0.479E+12
    474000   0.473 -0.480E+12 -0.479E+12
    475000   0.474 -0.484E+12 -0.480E+12
    476000   0.475 -0.480E+12 -0.477E+12
    477000   0.476 -0.477E+12 -0.474E+12
    478000   0.477 -0.479E+12 -0.478E+12
    479000   0.478 -0.482E+12 -0.475E+12
    480000   0.479 -0.475E+12 -0.471E+12
    481000   0.480 -0.475E+12 -0.476E+12
    482000   0.481 -0.476E+12 -0.471E+12
    483000   0.482 -0.476E+12 -0.468E+12
    484000   0.483 -0.472E+12 -0.466E+12
    485000   0.484 -0.476E+12 -0.467E+12
    486000   0.485 -0.473E+12 -0.466E+12
    487000   0.486 -0.474E+12 -0.467E+12
    488000   0.487 -0.473E+12 -0.468E+12
    489000   0.488 -0.473E+12 -0.467E+12
    490000   0.489 -0.470E+12 -0.465E+12
    491000   0.490 -0.474E+12 -0.466E+12
    492000   0.491 -0.471E+12 -0.465E+12
    493000   0.492 -0.469E+12 -0.462E+12
    494000   0.493 -0.467E+12 -0.460E+12
    495000   0.494 -0.463E+12 -0.460E+12
    496000   0.495 -0.462E+12 -0.457E+12
    497000   0.496 -0.461E+12 -0.457E+12
    498000   0.497 -0.460E+12 -0.457E+12
    499000   0.498 -0.459E+12 -0.456E+12
    500000   0.499 -0.459E+12 -0.456E+12
    501000   0.500 -0.463E+12 -0.460E+12
    502000   0.501 -0.459E+12 -0.457E+12
    503000   0.502 -0.461E+12 -0.458E+12
    504000   0.503 -0.463E+12 -0.462E+12
    505000   0.504 -0.461E+12 -0.458E+12
    506000   0.505 -0.462E+12 -0.459E+12
    507000   0.506 -0.461E+12 -0.458E+12
    508000   0.507 -0.460E+12 -0.458E+12
    509000   0.508 -0.461E+12 -0.458E+12
    510000   0.509 -0.460E+12 -0.458E+12
    511000   0.510 -0.461E+12 -0.459E+12
    512000   0.511 -0.461E+12 -0.459E+12
    513000   0.512 -0.466E+12 -0.462E+12
    514000   0.513 -0.464E+12 -0.463E+12
    515000   0.514 -0.467E+12 -0.461E+12
    516000   0.515 -0.467E+12 -0.462E+12
    517000   0.516 -0.467E+12 -0.463E+12
    518000   0.517 -0.468E+12 -0.463E+12
    519000   0.518 -0.469E+12 -0.463E+12
    520000   0.519 -0.469E+12 -0.464E+12
    521000   0.520 -0.469E+12 -0.464E+12
    522000   0.521 -0.470E+12 -0.465E+12
    523000   0.522 -0.470E+12 -0.466E+12
    524000   0.523 -0.470E+12 -0.467E+12
    525000   0.524 -0.471E+12 -0.467E+12
    526000   0.525 -0.472E+12 -0.467E+12
    527000   0.526 -0.471E+12 -0.468E+12
    528000   0.527 -0.471E+12 -0.468E+12
    529000   0.528 -0.471E+12 -0.468E+12
    530000   0.529 -0.471E+12 -0.469E+12
    531000   0.530 -0.471E+12 -0.470E+12
    532000   0.531 -0.470E+12 -0.469E+12
    533000   0.532 -0.470E+12 -0.469E+12
    534000   0.533 -0.470E+12 -0.468E+12
    535000   0.534 -0.470E+12 -0.468E+12
    536000   0.535 -0.470E+12 -0.469E+12
    537000   0.536 -0.471E+12 -0.469E+12
    538000   0.537 -0.471E+12 -0.469E+12
    539000   0.538 -0.471E+12 -0.468E+12
    540000   0.539 -0.476E+12 -0.471E+12
    541000   0.540 -0.475E+12 -0.471E+12
    542000   0.541 -0.477E+12 -0.469E+12
    543000   0.542 -0.476E+12 -0.470E+12
    544000   0.543 -0.476E+12 -0.470E+12
    545000   0.544 -0.477E+12 -0.470E+12
    546000   0.545 -0.477E+12 -0.471E+12
    547000   0.546 -0.477E+12 -0.471E+12
    548000   0.547 -0.477E+12 -0.471E+12
    549000   0.548 -0.478E+12 -0.472E+12
    550000   0.549 -0.478E+12 -0.472E+12
    551000   0.550 -0.479E+12 -0.473E+12
    552000   0.551 -0.479E+12 -0.473E+12
    553000   0.552 -0.479E+12 -0.474E+12
    554000   0.553 -0.480E+12 -0.474E+12
    555000   0.554 -0.480E+12 -0.475E+12
    556000   0.555 -0.481E+12 -0.475E+12
    557000   0.556 -0.482E+12 -0.475E+12
    558000   0.557 -0.482E+12 -0.477E+12
    559000   0.558 -0.483E+12 -0.476E+12
    560000   0.559 -0.483E+12 -0.477E+12
    561000   0.560 -0.484E+12 -0.478E+12
    562000   0.561 -0.484E+12 -0.478E+12
    563000   0.562 -0.485E+12 -0.479E+12
    564000   0.563 -0.485E+12 -0.479E+12
    565000   0.564 -0.486E+12 -0.480E+12
    566000   0.565 -0.488E+12 -0.481E+12
    567000   0.566 -0.489E+12 -0.480E+12
    568000   0.567 -0.490E+12 -0.485E+12
    569000   0.568 -0.490E+12 -0.484E+12
    570000   0.569 -0.493E+12 -0.485E+12
    571000   0.570 -0.491E+12 -0.484E+12
    572000   0.571 -0.492E+12 -0.487E+12
    573000   0.572 -0.495E+12 -0.484E+12
    574000   0.573 -0.494E+12 -0.490E+12
    575000   0.574 -0.493E+12 -0.494E+12
    576000   0.575 -0.494E+12 -0.499E+12
    577000   0.576 -0.495E+12 -0.488E+12
    578000   0.577 -0.497E+12 -0.492E+12
    579000   0.578 -0.496E+12 -0.492E+12
    580000   0.579 -0.496E+12 -0.492E+12
    581000   0.580 -0.500E+12 -0.493E+12
    582000   0.581 -0.506E+12 -0.492E+12
    583000   0.582 -0.497E+12 -0.500E+12
    584000   0.583 -0.499E+12 -0.512E+12
    585000   0.584 -0.527E+12 -0.509E+12
    586000   0.585 -0.508E+12 -0.478E+12
    587000   0.586 -0.494E+12 -0.493E+12
    588000   0.587 -0.499E+12 -0.481E+12
    589000   0.588 -0.513E+12 -0.486E+12
    590000   0.589 -0.497E+12 -0.489E+12
    591000   0.590 -0.504E+12 -0.482E+12
    592000   0.591 -0.498E+12 -0.488E+12
    593000   0.592 -0.502E+12 -0.483E+12
    594000   0.593 -0.498E+12 -0.485E+12
    595000   0.594 -0.498E+12 -0.484E+12
    596000   0.595 -0.498E+12 -0.490E+12
    597000   0.596 -0.500E+12 -0.485E+12
    598000   0.597 -0.493E+12 -0.483E+12
    599000   0.598 -0.497E+12 -0.484E+12
    600000   0.599 -0.493E+12 -0.483E+12
    601000   0.600 -0.492E+12 -0.483E+12
    602000   0.601 -0.494E+12 -0.484E+12
    603000   0.602 -0.497E+12 -0.482E+12
    604000   0.603 -0.494E+12 -0.483E+12
    605000   0.604 -0.498E+12 -0.484E+12
    606000   0.605 -0.495E+12 -0.486E+12
    607000   0.606 -0.495E+12 -0.484E+12
    608000   0.607 -0.495E+12 -0.484E+12
    609000   0.608 -0.495E+12 -0.484E+12
    610000   0.609 -0.497E+12 -0.478E+12
    611000   0.610 -0.493E+12 -0.482E+12
    612000   0.611 -0.494E+12 -0.483E+12
    613000   0.612 -0.496E+12 -0.480E+12
    614000   0.613 -0.496E+12 -0.481E+12
    615000   0.614 -0.494E+12 -0.483E+12
    616000   0.615 -0.498E+12 -0.483E+12
    617000   0.616 -0.495E+12 -0.482E+12
    618000   0.617 -0.497E+12 -0.481E+12
    619000   0.618 -0.497E+12 -0.481E+12
    620000   0.619 -0.496E+12 -0.482E+12
    621000   0.620 -0.495E+12 -0.483E+12
    622000   0.621 -0.498E+12 -0.480E+12
    623000   0.622 -0.498E+12 -0.479E+12
    624000   0.623 -0.495E+12 -0.481E+12
    625000   0.624 -0.499E+12 -0.479E+12
    626000   0.625 -0.497E+12 -0.481E+12
    627000   0.626 -0.497E+12 -0.480E+12
    628000   0.627 -0.498E+12 -0.478E+12
    629000   0.628 -0.499E+12 -0.479E+12
    630000   0.629 -0.498E+12 -0.480E+12
    631000   0.630 -0.493E+12 -0.482E+12
    632000   0.631 -0.501E+12 -0.478E+12
    633000   0.632 -0.498E+12 -0.481E+12
    634000   0.633 -0.494E+12 -0.483E+12
    635000   0.634 -0.501E+12 -0.478E+12
    636000   0.635 -0.494E+12 -0.484E+12
    637000   0.636 -0.500E+12 -0.480E+12
    638000   0.637 -0.500E+12 -0.485E+12
    639000   0.638 -0.501E+12 -0.482E+12
    640000   0.639 -0.500E+12 -0.486E+12
    641000   0.640 -0.500E+12 -0.487E+12
    642000   0.641 -0.500E+12 -0.487E+12
    643000   0.642 -0.496E+12 -0.497E+12
    644000   0.643 -0.502E+12 -0.484E+12
    645000   0.644 -0.499E+12 -0.491E+12
    646000   0.645 -0.501E+12 -0.492E+12
    647000   0.646 -0.499E+12 -0.490E+12
    648000   0.647 -0.504E+12 -0.494E+12
    649000   0.648 -0.506E+12 -0.494E+12
    650000   0.649 -0.504E+12 -0.490E+12
    651000   0.650 -0.507E+12 -0.492E+12
    652000   0.651 -0.504E+12 -0.495E+12
    653000   0.652 -0.503E+12 -0.494E+12
    654000   0.653 -0.510E+12 -0.492E+12
    655000   0.654 -0.510E+12 -0.494E+12
    656000   0.655 -0.519E+12 -0.491E+12
    657000   0.656 -0.514E+12 -0.494E+12
    658000   0.657 -0.510E+12 -0.498E+12
    659000   0.658 -0.515E+12 -0.492E+12
    660000   0.659 -0.511E+12 -0.496E+12
    661000   0.660 -0.515E+12 -0.494E+12
    662000   0.661 -0.512E+12 -0.503E+12
    663000   0.662 -0.530E+12 -0.508E+12
    664000   0.663 -0.512E+12 -0.512E+12
    665000   0.664 -0.530E+12 -0.536E+12
    666000   0.665 -0.547E+12 -0.526E+12
    667000   0.666 -0.535E+12 -0.520E+12
    668000   0.667 -0.514E+12 -0.519E+12
    669000   0.668 -0.517E+12 -0.526E+12
    670000   0.669 -0.545E+12 -0.513E+12
    671000   0.670 -0.525E+12 -0.503E+12
    672000   0.671 -0.531E+12 -0.526E+12
    673000   0.672 -0.527E+12 -0.508E+12
    674000   0.673 -0.537E+12 -0.504E+12
    675000   0.674 -0.526E+12 -0.503E+12
    676000   0.675 -0.539E+12 -0.535E+12
    677000   0.676 -0.539E+12 -0.505E+12
    678000   0.677 -0.520E+12 -0.522E+12
    679000   0.678 -0.513E+12 -0.531E+12
    680000   0.679 -0.528E+12 -0.536E+12
    681000   0.680 -0.537E+12 -0.519E+12
    682000   0.681 -0.551E+12 -0.493E+12
    683000   0.682 -0.552E+12 -0.502E+12
    684000   0.683 -0.549E+12 -0.530E+12
    685000   0.684 -0.535E+12 -0.543E+12
    686000   0.685 -0.540E+12 -0.526E+12
    687000   0.686 -0.533E+12 -0.534E+12
    688000   0.687 -0.543E+12 -0.522E+12
    689000   0.688 -0.549E+12 -0.534E+12
    690000   0.689 -0.535E+12 -0.543E+12
    691000   0.690 -0.564E+12 -0.512E+12
    692000   0.691 -0.567E+12 -0.512E+12
    693000   0.692 -0.543E+12 -0.526E+12
    694000   0.693 -0.568E+12 -0.517E+12
    695000   0.694 -0.565E+12 -0.530E+12
    696000   0.695 -0.546E+12 -0.540E+12
    697000   0.696 -0.568E+12 -0.534E+12
    698000   0.697 -0.557E+12 -0.547E+12
    699000   0.698 -0.554E+12 -0.556E+12
    700000   0.699 -0.552E+12 -0.545E+12
    701000   0.700 -0.551E+12 -0.552E+12
    702000   0.701 -0.526E+12 -0.523E+12
    703000   0.702 -0.525E+12 -0.499E+12
    704000   0.703 -0.515E+12 -0.514E+12
    705000   0.704 -0.520E+12 -0.492E+12
    706000   0.705 -0.510E+12 -0.498E+12
    707000   0.706 -0.514E+12 -0.492E+12
    708000   0.707 -0.513E+12 -0.492E+12
    709000   0.708 -0.512E+12 -0.495E+12
    710000   0.709 -0.511E+12 -0.494E+12
    711000   0.710 -0.510E+12 -0.494E+12
    712000   0.711 -0.505E+12 -0.492E+12
    713000   0.712 -0.508E+12 -0.489E+12
    714000   0.713 -0.505E+12 -0.491E+12
    715000   0.714 -0.504E+12 -0.489E+12
    716000   0.715 -0.504E+12 -0.487E+12
    717000   0.716 -0.499E+12 -0.486E+12
    718000   0.717 -0.503E+12 -0.485E+12
    719000   0.718 -0.501E+12 -0.486E+12
    720000   0.719 -0.504E+12 -0.482E+12
    721000   0.720 -0.495E+12 -0.487E+12
    722000   0.721 -0.504E+12 -0.485E+12
    723000   0.722 -0.495E+12 -0.485E+12
    724000   0.723 -0.499E+12 -0.483E+12
    725000   0.724 -0.502E+12 -0.488E+12
    726000   0.725 -0.502E+12 -0.485E+12
    727000   0.726 -0.498E+12 -0.483E+12
    728000   0.727 -0.498E+12 -0.489E+12
    729000   0.728 -0.500E+12 -0.485E+12
    730000   0.729 -0.495E+12 -0.488E+12
    731000   0.730 -0.504E+12 -0.486E+12
    732000   0.731 -0.501E+12 -0.489E+12
    733000   0.732 -0.500E+12 -0.489E+12
    734000   0.733 -0.498E+12 -0.484E+12
    735000   0.734 -0.503E+12 -0.487E+12
    736000   0.735 -0.500E+12 -0.486E+12
    737000   0.736 -0.505E+12 -0.485E+12
    738000   0.737 -0.502E+12 -0.486E+12
    739000   0.738 -0.499E+12 -0.485E+12
    740000   0.739 -0.502E+12 -0.483E+12
    741000   0.740 -0.502E+12 -0.483E+12
    742000   0.741 -0.500E+12 -0.489E+12
    743000   0.742 -0.498E+12 -0.482E+12
    744000   0.743 -0.498E+12 -0.487E+12
    745000   0.744 -0.503E+12 -0.485E+12
    746000   0.745 -0.500E+12 -0.487E+12
    747000   0.746 -0.507E+12 -0.486E+12
    748000   0.747 -0.515E+12 -0.487E+12
    749000   0.748 -0.505E+12 -0.487E+12
    750000   0.749 -0.500E+12 -0.491E+12
    751000   0.750 -0.503E+12 -0.487E+12
    752000   0.751 -0.504E+12 -0.490E+12
    753000   0.752 -0.512E+12 -0.485E+12
    754000   0.753 -0.500E+12 -0.498E+12
    755000   0.754 -0.514E+12 -0.487E+12
    756000   0.755 -0.510E+12 -0.494E+12
    757000   0.756 -0.510E+12 -0.493E+12
    758000   0.757 -0.507E+12 -0.495E+12
    759000   0.758 -0.515E+12 -0.488E+12
    760000   0.759 -0.509E+12 -0.502E+12
    761000   0.760 -0.519E+12 -0.500E+12
    762000   0.761 -0.514E+12 -0.499E+12
    763000   0.762 -0.528E+12 -0.516E+12
    764000   0.763 -0.530E+12 -0.496E+12
    765000   0.764 -0.528E+12 -0.508E+12
    766000   0.765 -0.516E+12 -0.518E+12
    767000   0.766 -0.528E+12 -0.520E+12
    768000   0.767 -0.532E+12 -0.557E+12
    769000   0.768 -0.520E+12 -0.554E+12
    770000   0.769 -0.566E+12 -0.524E+12
    771000   0.770 -0.551E+12 -0.500E+12
    772000   0.771 -0.515E+12 -0.555E+12
    773000   0.772 -0.564E+12 -0.528E+12
    774000   0.773 -0.540E+12 -0.554E+12
    775000   0.774 -0.533E+12 -0.539E+12
    776000   0.775 -0.528E+12 -0.546E+12
    777000   0.776 -0.557E+12 -0.585E+12
    778000   0.777 -0.557E+12 -0.574E+12
    779000   0.778 -0.552E+12 -0.578E+12
    780000   0.779 -0.532E+12 -0.575E+12
    781000   0.780 -0.538E+12 -0.581E+12
    782000   0.781 -0.560E+12 -0.566E+12
    783000   0.782 -0.559E+12 -0.570E+12
    784000   0.783 -0.555E+12 -0.578E+12
    785000   0.784 -0.560E+12 -0.577E+12
    786000   0.785 -0.564E+12 -0.570E+12
    787000   0.786 -0.565E+12 -0.577E+12
    788000   0.787 -0.557E+12 -0.566E+12
    789000   0.788 -0.538E+12 -0.578E+12
    790000   0.789 -0.567E+12 -0.574E+12
    791000   0.790 -0.548E+12 -0.574E+12
    792000   0.791 -0.568E+12 -0.559E+12
    793000   0.792 -0.559E+12 -0.563E+12
    794000   0.793 -0.557E+12 -0.576E+12
    795000   0.794 -0.567E+12 -0.558E+12
    796000   0.795 -0.561E+12 -0.567E+12
    797000   0.796 -0.556E+12 -0.567E+12
    798000   0.797 -0.568E+12 -0.568E+12
    799000   0.798 -0.570E+12 -0.573E+12
    800000   0.799 -0.572E+12 -0.566E+12
    801000   0.800 -0.569E+12 -0.559E+12
    802000   0.801 -0.542E+12 -0.581E+12
    803000   0.802 -0.572E+12 -0.550E+12
    804000   0.803 -0.544E+12 -0.584E+12
    805000   0.804 -0.574E+12 -0.547E+12
    806000   0.805 -0.547E+12 -0.584E+12
    807000   0.806 -0.549E+12 -0.572E+12
    808000   0.807 -0.560E+12 -0.580E+12
    809000   0.808 -0.561E+12 -0.568E+12
    810000   0.809 -0.573E+12 -0.578E+12
    811000   0.810 -0.572E+12 -0.573E+12
    812000   0.811 -0.563E+12 -0.583E+12
    813000   0.812 -0.566E+12 -0.575E+12
    814000   0.813 -0.573E+12 -0.574E+12
    815000   0.814 -0.561E+12 -0.573E+12
    816000   0.814 -0.577E+12 -0.573E+12
    817000   0.815 -0.541E+12 -0.584E+12
    818000   0.816 -0.552E+12 -0.572E+12
    819000   0.817 -0.524E+12 -0.539E+12
    820000   0.818 -0.520E+12 -0.529E+12
    821000   0.819 -0.511E+12 -0.525E+12
    822000   0.820 -0.508E+12 -0.521E+12
    823000   0.821 -0.505E+12 -0.514E+12
    824000   0.822 -0.501E+12 -0.523E+12
    825000   0.823 -0.499E+12 -0.510E+12
    826000   0.824 -0.500E+12 -0.513E+12
    827000   0.825 -0.495E+12 -0.513E+12
    828000   0.826 -0.494E+12 -0.505E+12
    829000   0.827 -0.493E+12 -0.510E+12
    830000   0.828 -0.498E+12 -0.505E+12
    831000   0.829 -0.489E+12 -0.504E+12
    832000   0.830 -0.498E+12 -0.500E+12
    833000   0.831 -0.489E+12 -0.505E+12
    834000   0.832 -0.494E+12 -0.500E+12
    835000   0.833 -0.492E+12 -0.502E+12
    836000   0.834 -0.491E+12 -0.499E+12
    837000   0.835 -0.487E+12 -0.498E+12
    838000   0.836 -0.493E+12 -0.499E+12
    839000   0.837 -0.487E+12 -0.500E+12
    840000   0.838 -0.492E+12 -0.496E+12
    841000   0.839 -0.490E+12 -0.499E+12
    842000   0.840 -0.490E+12 -0.501E+12
    843000   0.841 -0.495E+12 -0.496E+12
    844000   0.842 -0.489E+12 -0.497E+12
    845000   0.843 -0.490E+12 -0.497E+12
    846000   0.844 -0.489E+12 -0.495E+12
    847000   0.845 -0.489E+12 -0.492E+12
    848000   0.846 -0.491E+12 -0.495E+12
    849000   0.847 -0.490E+12 -0.494E+12
    850000   0.848 -0.488E+12 -0.491E+12
    851000   0.849 -0.492E+12 -0.490E+12
    852000   0.850 -0.484E+12 -0.499E+12
    853000   0.851 -0.503E+12 -0.484E+12
    854000   0.852 -0.484E+12 -0.497E+12
    855000   0.853 -0.498E+12 -0.483E+12
    856000   0.854 -0.483E+12 -0.499E+12
    857000   0.855 -0.496E+12 -0.488E+12
    858000   0.856 -0.491E+12 -0.489E+12
    859000   0.857 -0.491E+12 -0.494E+12
    860000   0.858 -0.492E+12 -0.491E+12
    861000   0.859 -0.494E+12 -0.489E+12
    862000   0.860 -0.486E+12 -0.493E+12
    863000   0.861 -0.491E+12 -0.490E+12
    864000   0.862 -0.490E+12 -0.490E+12
    865000   0.863 -0.492E+12 -0.493E+12
    866000   0.864 -0.494E+12 -0.492E+12
    867000   0.865 -0.490E+12 -0.497E+12
    868000   0.866 -0.496E+12 -0.488E+12
    869000   0.867 -0.491E+12 -0.497E+12
    870000   0.868 -0.493E+12 -0.492E+12
    871000   0.869 -0.492E+12 -0.493E+12
    872000   0.870 -0.493E+12 -0.494E+12
    873000   0.871 -0.492E+12 -0.492E+12
    874000   0.872 -0.496E+12 -0.494E+12
    875000   0.873 -0.496E+12 -0.495E+12
    876000   0.874 -0.491E+12 -0.497E+12
    877000   0.875 -0.495E+12 -0.495E+12
    878000   0.876 -0.495E+12 -0.494E+12
    879000   0.877 -0.493E+12 -0.498E+12
    880000   0.878 -0.496E+12 -0.497E+12
    881000   0.879 -0.498E+12 -0.496E+12
    882000   0.880 -0.508E+12 -0.496E+12
    883000   0.881 -0.494E+12 -0.515E+12
    884000   0.882 -0.500E+12 -0.507E+12
    885000   0.883 -0.499E+12 -0.500E+12
    886000   0.884 -0.508E+12 -0.498E+12
    887000   0.885 -0.501E+12 -0.509E+12
    888000   0.886 -0.525E+12 -0.499E+12
    889000   0.887 -0.493E+12 -0.521E+12
    890000   0.888 -0.511E+12 -0.501E+12
    891000   0.889 -0.545E+12 -0.505E+12
    892000   0.890 -0.520E+12 -0.523E+12
    893000   0.891 -0.500E+12 -0.503E+12
    894000   0.892 -0.536E+12 -0.528E+12
    895000   0.893 -0.504E+12 -0.535E+12
    896000   0.894 -0.514E+12 -0.566E+12
    897000   0.895 -0.545E+12 -0.535E+12
    898000   0.896 -0.535E+12 -0.565E+12
    899000   0.897 -0.544E+12 -0.551E+12
    900000   0.898 -0.547E+12 -0.560E+12
    901000   0.899 -0.544E+12 -0.559E+12
    902000   0.900 -0.544E+12 -0.556E+12
    903000   0.901 -0.541E+12 -0.565E+12
    904000   0.902 -0.539E+12 -0.562E+12
    905000   0.903 -0.546E+12 -0.559E+12
    906000   0.904 -0.546E+12 -0.560E+12
    907000   0.905 -0.540E+12 -0.561E+12
    908000   0.906 -0.543E+12 -0.556E+12
    909000   0.907 -0.543E+12 -0.559E+12
    910000   0.908 -0.543E+12 -0.558E+12
    911000   0.909 -0.543E+12 -0.555E+12
    912000   0.910 -0.546E+12 -0.560E+12
    913000   0.911 -0.546E+12 -0.552E+12
    914000   0.912 -0.543E+12 -0.561E+12
    915000   0.913 -0.543E+12 -0.553E+12
    916000   0.914 -0.539E+12 -0.563E+12
    917000   0.915 -0.548E+12 -0.552E+12
    918000   0.916 -0.539E+12 -0.564E+12
    919000   0.917 -0.540E+12 -0.561E+12
    920000   0.918 -0.545E+12 -0.563E+12
    921000   0.919 -0.530E+12 -0.569E+12
    922000   0.920 -0.557E+12 -0.561E+12
    923000   0.921 -0.539E+12 -0.571E+12
    924000   0.922 -0.550E+12 -0.567E+12
    925000   0.923 -0.541E+12 -0.558E+12
    926000   0.924 -0.540E+12 -0.568E+12
    927000   0.925 -0.544E+12 -0.565E+12
    928000   0.926 -0.551E+12 -0.569E+12
    929000   0.927 -0.544E+12 -0.545E+12
    930000   0.928 -0.538E+12 -0.571E+12
    931000   0.929 -0.549E+12 -0.561E+12
    932000   0.930 -0.552E+12 -0.554E+12
    933000   0.931 -0.555E+12 -0.565E+12
    934000   0.932 -0.551E+12 -0.552E+12
    935000   0.933 -0.571E+12 -0.581E+12
    936000   0.934 -0.538E+12 -0.560E+12
    937000   0.935 -0.525E+12 -0.549E+12
    938000   0.936 -0.526E+12 -0.538E+12
    939000   0.937 -0.530E+12 -0.547E+12
    940000   0.938 -0.523E+12 -0.540E+12
    941000   0.939 -0.517E+12 -0.535E+12
    942000   0.940 -0.515E+12 -0.536E+12
    943000   0.941 -0.527E+12 -0.534E+12
    944000   0.942 -0.509E+12 -0.529E+12
    945000   0.943 -0.509E+12 -0.525E+12
    946000   0.944 -0.506E+12 -0.526E+12
    947000   0.945 -0.505E+12 -0.525E+12
    948000   0.946 -0.503E+12 -0.525E+12
    949000   0.947 -0.503E+12 -0.523E+12
    950000   0.948 -0.501E+12 -0.523E+12
    951000   0.949 -0.501E+12 -0.519E+12
    952000   0.950 -0.507E+12 -0.520E+12
    953000   0.951 -0.499E+12 -0.518E+12
    954000   0.952 -0.499E+12 -0.518E+12
    955000   0.953 -0.501E+12 -0.519E+12
    956000   0.954 -0.500E+12 -0.516E+12
    957000   0.955 -0.500E+12 -0.515E+12
    958000   0.956 -0.500E+12 -0.516E+12
    959000   0.957 -0.500E+12 -0.515E+12
    960000   0.958 -0.500E+12 -0.515E+12
    961000   0.959 -0.501E+12 -0.515E+12
    962000   0.960 -0.504E+12 -0.515E+12
    963000   0.961 -0.498E+12 -0.512E+12
    964000   0.962 -0.502E+12 -0.514E+12
    965000   0.963 -0.507E+12 -0.515E+12
    966000   0.964 -0.500E+12 -0.515E+12
    967000   0.965 -0.502E+12 -0.509E+12
    968000   0.966 -0.498E+12 -0.516E+12
    969000   0.967 -0.503E+12 -0.513E+12
    970000   0.968 -0.504E+12 -0.516E+12
    971000   0.969 -0.501E+12 -0.514E+12
    972000   0.970 -0.492E+12 -0.520E+12
    973000   0.971 -0.508E+12 -0.510E+12
    974000   0.972 -0.499E+12 -0.519E+12
    975000   0.973 -0.508E+12 -0.515E+12
    976000   0.974 -0.495E+12 -0.516E+12
    977000   0.975 -0.504E+12 -0.513E+12
    978000   0.976 -0.505E+12 -0.517E+12
    979000   0.977 -0.502E+12 -0.520E+12
    980000   0.978 -0.501E+12 -0.515E+12
    981000   0.979 -0.501E+12 -0.515E+12
    982000   0.980 -0.501E+12 -0.516E+12
    983000   0.981 -0.502E+12 -0.513E+12
    984000   0.982 -0.504E+12 -0.515E+12
    985000   0.983 -0.502E+12 -0.514E+12
    986000   0.984 -0.501E+12 -0.516E+12
    987000   0.985 -0.501E+12 -0.516E+12
    988000   0.986 -0.505E+12 -0.516E+12
    989000   0.987 -0.503E+12 -0.520E+12
    990000   0.988 -0.507E+12 -0.515E+12
    991000   0.989 -0.505E+12 -0.521E+12
    992000   0.990 -0.507E+12 -0.517E+12
    993000   0.991 -0.504E+12 -0.519E+12
    994000   0.992 -0.508E+12 -0.516E+12
    995000   0.993 -0.505E+12 -0.521E+12
    996000   0.994 -0.508E+12 -0.518E+12
    997000   0.995 -0.507E+12 -0.519E+12
    998000   0.996 -0.507E+12 -0.518E+12
    999000   0.997 -0.510E+12 -0.517E+12
   1000000   0.998 -0.512E+12 -0.517E+12
   1001000   0.999 -0.511E+12 -0.517E+12
   1002000   1.000 -0.510E+12 -0.517E+12
   1003000   1.001 -0.511E+12 -0.518E+12
   1004000   1.002 -0.512E+12 -0.517E+12
   1005000   1.003 -0.505E+12 -0.519E+12
   1006000   1.004 -0.511E+12 -0.515E+12
   1007000   1.005 -0.512E+12 -0.517E+12
   1008000   1.006 -0.507E+12 -0.518E+12
   1009000   1.007 -0.509E+12 -0.518E+12
   1010000   1.008 -0.508E+12 -0.521E+12
   1011000   1.009 -0.511E+12 -0.515E+12
   1012000   1.010 -0.513E+12 -0.521E+12
   1013000   1.011 -0.513E+12 -0.519E+12
   1014000   1.012 -0.511E+12 -0.522E+12
   1015000   1.013 -0.519E+12 -0.518E+12
   1016000   1.014 -0.525E+12 -0.517E+12
   1017000   1.015 -0.516E+12 -0.522E+12
   1018000   1.016 -0.521E+12 -0.521E+12
   1019000   1.017 -0.520E+12 -0.523E+12
   1020000   1.018 -0.518E+12 -0.531E+12
   1021000   1.019 -0.517E+12 -0.523E+12
   1022000   1.020 -0.516E+12 -0.531E+12
   1023000   1.021 -0.523E+12 -0.524E+12
   1024000   1.022 -0.535E+12 -0.530E+12
   1025000   1.023 -0.536E+12 -0.524E+12
   1026000   1.024 -0.528E+12 -0.528E+12
   1027000   1.025 -0.518E+12 -0.532E+12
   1028000   1.026 -0.520E+12 -0.531E+12
   1029000   1.027 -0.530E+12 -0.537E+12
   1030000   1.028 -0.532E+12 -0.529E+12
   1031000   1.029 -0.531E+12 -0.532E+12
   1032000   1.030 -0.536E+12 -0.528E+12
   1033000   1.031 -0.531E+12 -0.535E+12
   1034000   1.032 -0.537E+12 -0.525E+12
   1035000   1.033 -0.563E+12 -0.524E+12
   1036000   1.034 -0.553E+12 -0.529E+12
   1037000   1.035 -0.559E+12 -0.526E+12
   1038000   1.036 -0.558E+12 -0.528E+12
   1039000   1.037 -0.560E+12 -0.531E+12
   1040000   1.038 -0.557E+12 -0.536E+12
   1041000   1.039 -0.561E+12 -0.531E+12
   1042000   1.040 -0.565E+12 -0.531E+12
   1043000   1.041 -0.562E+12 -0.534E+12
   1044000   1.042 -0.559E+12 -0.532E+12
   1045000   1.043 -0.559E+12 -0.534E+12
   1046000   1.044 -0.560E+12 -0.536E+12
   1047000   1.045 -0.557E+12 -0.547E+12
   1048000   1.046 -0.562E+12 -0.535E+12
   1049000   1.047 -0.556E+12 -0.542E+12
   1050000   1.048 -0.563E+12 -0.552E+12
   1051000   1.049 -0.543E+12 -0.564E+12
   1052000   1.050 -0.592E+12 -0.608E+12
   1053000   1.051 -0.561E+12 -0.566E+12
   1054000   1.052 -0.549E+12 -0.559E+12
   1055000   1.053 -0.550E+12 -0.563E+12
   1056000   1.054 -0.539E+12 -0.549E+12
   1057000   1.055 -0.540E+12 -0.554E+12
   1058000   1.056 -0.555E+12 -0.545E+12
   1059000   1.057 -0.536E+12 -0.564E+12
   1060000   1.058 -0.557E+12 -0.545E+12
   1061000   1.059 -0.536E+12 -0.556E+12
   1062000   1.060 -0.540E+12 -0.540E+12
   1063000   1.061 -0.530E+12 -0.543E+12
   1064000   1.062 -0.537E+12 -0.540E+12
   1065000   1.063 -0.531E+12 -0.537E+12
   1066000   1.064 -0.529E+12 -0.538E+12
   1067000   1.065 -0.528E+12 -0.536E+12
   1068000   1.066 -0.529E+12 -0.538E+12
   1069000   1.067 -0.531E+12 -0.542E+12
   1070000   1.068 -0.534E+12 -0.533E+12
   1071000   1.069 -0.527E+12 -0.538E+12
   1072000   1.070 -0.533E+12 -0.536E+12
   1073000   1.071 -0.529E+12 -0.535E+12
   1074000   1.072 -0.531E+12 -0.535E+12
   1075000   1.073 -0.526E+12 -0.537E+12
   1076000   1.074 -0.527E+12 -0.534E+12
   1077000   1.075 -0.529E+12 -0.537E+12
   1078000   1.076 -0.528E+12 -0.535E+12
   1079000   1.077 -0.526E+12 -0.533E+12
   1080000   1.078 -0.531E+12 -0.535E+12
   1081000   1.079 -0.525E+12 -0.539E+12
   1082000   1.080 -0.528E+12 -0.531E+12
   1083000   1.081 -0.529E+12 -0.536E+12
   1084000   1.082 -0.529E+12 -0.534E+12
   1085000   1.083 -0.533E+12 -0.538E+12
   1086000   1.084 -0.529E+12 -0.529E+12
   1087000   1.085 -0.531E+12 -0.536E+12
   1088000   1.086 -0.530E+12 -0.533E+12
   1089000   1.087 -0.525E+12 -0.535E+12
   1090000   1.088 -0.523E+12 -0.541E+12
   1091000   1.089 -0.532E+12 -0.529E+12
   1092000   1.090 -0.526E+12 -0.538E+12
   1093000   1.091 -0.526E+12 -0.539E+12
   1094000   1.092 -0.535E+12 -0.536E+12
   1095000   1.093 -0.520E+12 -0.557E+12
   1096000   1.094 -0.532E+12 -0.533E+12
   1097000   1.095 -0.527E+12 -0.545E+12
   1098000   1.096 -0.530E+12 -0.538E+12
   1099000   1.097 -0.526E+12 -0.543E+12
   1100000   1.098 -0.529E+12 -0.537E+12
   1101000   1.099 -0.527E+12 -0.542E+12
   1102000   1.100 -0.534E+12 -0.538E+12
   1103000   1.101 -0.528E+12 -0.546E+12
   1104000   1.102 -0.530E+12 -0.545E+12
   1105000   1.103 -0.534E+12 -0.550E+12
   1106000   1.104 -0.528E+12 -0.545E+12
   1107000   1.105 -0.533E+12 -0.547E+12
   1108000   1.106 -0.533E+12 -0.546E+12
   1109000   1.107 -0.539E+12 -0.545E+12
   1110000   1.108 -0.540E+12 -0.549E+12
   1111000   1.109 -0.534E+12 -0.552E+12
   1112000   1.110 -0.535E+12 -0.556E+12
   1113000   1.111 -0.540E+12 -0.549E+12
   1114000   1.112 -0.536E+12 -0.553E+12
   1115000   1.113 -0.534E+12 -0.554E+12
   1116000   1.114 -0.536E+12 -0.554E+12
   1117000   1.115 -0.540E+12 -0.557E+12
   1118000   1.116 -0.538E+12 -0.559E+12
   1119000   1.117 -0.536E+12 -0.560E+12
   1120000   1.118 -0.533E+12 -0.564E+12
   1121000   1.119 -0.540E+12 -0.562E+12
   1122000   1.120 -0.541E+12 -0.570E+12
   1123000   1.121 -0.537E+12 -0.558E+12
   1124000   1.122 -0.536E+12 -0.562E+12
   1125000   1.123 -0.546E+12 -0.563E+12
   1126000   1.124 -0.537E+12 -0.574E+12
   1127000   1.125 -0.539E+12 -0.575E+12
   1128000   1.126 -0.533E+12 -0.606E+12
   1129000   1.127 -0.549E+12 -0.594E+12
   1130000   1.128 -0.583E+12 -0.602E+12
   1131000   1.129 -0.584E+12 -0.602E+12
   1132000   1.130 -0.604E+12 -0.558E+12
   1133000   1.131 -0.600E+12 -0.551E+12
   1134000   1.132 -0.604E+12 -0.589E+12
   1135000   1.133 -0.613E+12 -0.615E+12
   1136000   1.134 -0.617E+12 -0.620E+12
   1137000   1.135 -0.619E+12 -0.622E+12
   1138000   1.136 -0.613E+12 -0.615E+12
   1139000   1.137 -0.604E+12 -0.628E+12
   1140000   1.138 -0.622E+12 -0.623E+12
   1141000   1.139 -0.622E+12 -0.635E+12
   1142000   1.140 -0.630E+12 -0.630E+12
   1143000   1.141 -0.622E+12 -0.625E+12
   1144000   1.142 -0.631E+12 -0.623E+12
   1145000   1.143 -0.622E+12 -0.621E+12
   1146000   1.144 -0.626E+12 -0.626E+12
   1147000   1.145 -0.633E+12 -0.631E+12
   1148000   1.146 -0.633E+12 -0.638E+12
   1149000   1.147 -0.638E+12 -0.629E+12
   1150000   1.148 -0.615E+12 -0.626E+12
   1151000   1.149 -0.620E+12 -0.617E+12
   1152000   1.150 -0.630E+12 -0.630E+12
   1153000   1.151 -0.631E+12 -0.635E+12
   1154000   1.152 -0.629E+12 -0.633E+12
   1155000   1.153 -0.621E+12 -0.628E+12
   1156000   1.154 -0.626E+12 -0.621E+12
   1157000   1.155 -0.633E+12 -0.639E+12
   1158000   1.156 -0.632E+12 -0.628E+12
   1159000   1.157 -0.628E+12 -0.622E+12
   1160000   1.158 -0.630E+12 -0.639E+12
   1161000   1.159 -0.636E+12 -0.644E+12
   1162000   1.160 -0.640E+12 -0.620E+12
   1163000   1.161 -0.629E+12 -0.643E+12
   1164000   1.162 -0.646E+12 -0.615E+12
   1165000   1.163 -0.618E+12 -0.608E+12
   1166000   1.164 -0.615E+12 -0.635E+12
   1167000   1.165 -0.625E+12 -0.637E+12
   1168000   1.166 -0.625E+12 -0.592E+12
   1169000   1.167 -0.632E+12 -0.629E+12
   1170000   1.168 -0.588E+12 -0.590E+12
   1171000   1.169 -0.575E+12 -0.580E+12
   1172000   1.170 -0.567E+12 -0.569E+12
   1173000   1.171 -0.578E+12 -0.571E+12
   1174000   1.172 -0.565E+12 -0.562E+12
   1175000   1.173 -0.562E+12 -0.566E+12
   1176000   1.174 -0.568E+12 -0.562E+12
   1177000   1.175 -0.554E+12 -0.552E+12
   1178000   1.176 -0.562E+12 -0.553E+12
   1179000   1.177 -0.561E+12 -0.546E+12
   1180000   1.178 -0.555E+12 -0.550E+12
   1181000   1.179 -0.561E+12 -0.540E+12
   1182000   1.180 -0.554E+12 -0.551E+12
   1183000   1.181 -0.560E+12 -0.542E+12
   1184000   1.182 -0.552E+12 -0.544E+12
   1185000   1.183 -0.556E+12 -0.539E+12
   1186000   1.184 -0.545E+12 -0.546E+12
   1187000   1.185 -0.554E+12 -0.538E+12
   1188000   1.186 -0.549E+12 -0.542E+12
   1189000   1.187 -0.559E+12 -0.534E+12
   1190000   1.188 -0.547E+12 -0.546E+12
   1191000   1.189 -0.552E+12 -0.536E+12
   1192000   1.190 -0.547E+12 -0.540E+12
   1193000   1.191 -0.549E+12 -0.539E+12
   1194000   1.192 -0.546E+12 -0.541E+12
   1195000   1.193 -0.548E+12 -0.535E+12
   1196000   1.194 -0.547E+12 -0.539E+12
   1197000   1.195 -0.545E+12 -0.545E+12
   1198000   1.196 -0.547E+12 -0.541E+12
   1199000   1.197 -0.546E+12 -0.540E+12
   1200000   1.198 -0.547E+12 -0.540E+12
   1201000   1.199 -0.549E+12 -0.539E+12
   1202000   1.200 -0.544E+12 -0.545E+12
   1203000   1.201 -0.543E+12 -0.544E+12
   1204000   1.202 -0.556E+12 -0.537E+12
   1205000   1.203 -0.543E+12 -0.543E+12
   1206000   1.204 -0.550E+12 -0.534E+12
   1207000   1.205 -0.542E+12 -0.547E+12
   1208000   1.206 -0.552E+12 -0.534E+12
   1209000   1.207 -0.546E+12 -0.540E+12
   1210000   1.208 -0.548E+12 -0.537E+12
   1211000   1.209 -0.548E+12 -0.540E+12
   1212000   1.210 -0.548E+12 -0.540E+12
   1213000   1.211 -0.546E+12 -0.542E+12
   1214000   1.212 -0.546E+12 -0.540E+12
   1215000   1.213 -0.547E+12 -0.538E+12
   1216000   1.214 -0.549E+12 -0.542E+12
   1217000   1.215 -0.550E+12 -0.540E+12
   1218000   1.216 -0.547E+12 -0.541E+12
   1219000   1.217 -0.551E+12 -0.538E+12
   1220000   1.218 -0.550E+12 -0.542E+12
   1221000   1.219 -0.553E+12 -0.540E+12
   1222000   1.220 -0.552E+12 -0.538E+12
   1223000   1.221 -0.553E+12 -0.540E+12
   1224000   1.222 -0.551E+12 -0.544E+12
   1225000   1.223 -0.552E+12 -0.539E+12
   1226000   1.224 -0.550E+12 -0.539E+12
   1227000   1.225 -0.547E+12 -0.545E+12
   1228000   1.226 -0.553E+12 -0.542E+12
   1229000   1.227 -0.557E+12 -0.547E+12
   1230000   1.228 -0.561E+12 -0.569E+12
   1231000   1.229 -0.578E+12 -0.569E+12
   1232000   1.230 -0.588E+12 -0.596E+12
   1233000   1.231 -0.612E+12 -0.610E+12
   1234000   1.232 -0.619E+12 -0.614E+12
   1235000   1.233 -0.611E+12 -0.620E+12
   1236000   1.234 -0.626E+12 -0.618E+12
   1237000   1.235 -0.636E+12 -0.615E+12
   1238000   1.236 -0.620E+12 -0.612E+12
   1239000   1.237 -0.632E+12 -0.610E+12
   1240000   1.238 -0.640E+12 -0.630E+12
   1241000   1.239 -0.629E+12 -0.619E+12
   1242000   1.240 -0.629E+12 -0.629E+12
   1243000   1.241 -0.630E+12 -0.617E+12
   1244000   1.242 -0.631E+12 -0.622E+12
   1245000   1.243 -0.630E+12 -0.620E+12
   1246000   1.244 -0.633E+12 -0.621E+12
   1247000   1.245 -0.626E+12 -0.622E+12
   1248000   1.246 -0.636E+12 -0.620E+12
   1249000   1.247 -0.629E+12 -0.636E+12
   1250000   1.248 -0.630E+12 -0.626E+12
   1251000   1.249 -0.630E+12 -0.631E+12
   1252000   1.250 -0.638E+12 -0.614E+12
   1253000   1.251 -0.618E+12 -0.621E+12
   1254000   1.252 -0.622E+12 -0.617E+12
   1255000   1.253 -0.624E+12 -0.616E+12
   1256000   1.254 -0.621E+12 -0.621E+12
   1257000   1.255 -0.627E+12 -0.613E+12
   1258000   1.256 -0.623E+12 -0.612E+12
   1259000   1.257 -0.621E+12 -0.603E+12
   1260000   1.258 -0.613E+12 -0.619E+12
   1261000   1.259 -0.626E+12 -0.589E+12
   1262000   1.260 -0.606E+12 -0.618E+12
   1263000   1.261 -0.626E+12 -0.600E+12
   1264000   1.262 -0.609E+12 -0.615E+12
   1265000   1.263 -0.616E+12 -0.600E+12
   1266000   1.264 -0.614E+12 -0.612E+12
   1267000   1.265 -0.605E+12 -0.604E+12
   1268000   1.266 -0.611E+12 -0.626E+12
   1269000   1.267 -0.603E+12 -0.631E+12
   1270000   1.268 -0.623E+12 -0.628E+12
   1271000   1.269 -0.615E+12 -0.622E+12
   1272000   1.270 -0.639E+12 -0.613E+12
   1273000   1.271 -0.615E+12 -0.633E+12
   1274000   1.272 -0.643E+12 -0.613E+12
   1275000   1.273 -0.635E+12 -0.635E+12
   1276000   1.274 -0.638E+12 -0.622E+12
   1277000   1.275 -0.626E+12 -0.631E+12
   1278000   1.276 -0.639E+12 -0.615E+12
   1279000   1.277 -0.613E+12 -0.632E+12
   1280000   1.278 -0.642E+12 -0.602E+12
   1281000   1.279 -0.623E+12 -0.635E+12
   1282000   1.280 -0.634E+12 -0.611E+12
   1283000   1.281 -0.630E+12 -0.621E+12
   1284000   1.282 -0.617E+12 -0.624E+12
   1285000   1.283 -0.645E+12 -0.592E+12
   1286000   1.284 -0.631E+12 -0.649E+12
   1287000   1.285 -0.629E+12 -0.615E+12
   1288000   1.286 -0.602E+12 -0.616E+12
   1289000   1.287 -0.605E+12 -0.608E+12
   1290000   1.288 -0.597E+12 -0.607E+12
   1291000   1.289 -0.588E+12 -0.600E+12
   1292000   1.290 -0.595E+12 -0.588E+12
   1293000   1.291 -0.576E+12 -0.597E+12
   1294000   1.292 -0.585E+12 -0.599E+12
   1295000   1.293 -0.591E+12 -0.596E+12
   1296000   1.294 -0.579E+12 -0.585E+12
   1297000   1.295 -0.576E+12 -0.579E+12
   1298000   1.296 -0.574E+12 -0.583E+12
   1299000   1.297 -0.573E+12 -0.580E+12
   1300000   1.298 -0.571E+12 -0.579E+12
   1301000   1.299 -0.574E+12 -0.579E+12
   1302000   1.300 -0.573E+12 -0.577E+12
   1303000   1.301 -0.570E+12 -0.577E+12
   1304000   1.302 -0.570E+12 -0.575E+12
   1305000   1.303 -0.572E+12 -0.575E+12
   1306000   1.304 -0.571E+12 -0.575E+12
   1307000   1.305 -0.571E+12 -0.575E+12
   1308000   1.306 -0.570E+12 -0.573E+12
   1309000   1.307 -0.571E+12 -0.574E+12
   1310000   1.308 -0.572E+12 -0.571E+12
   1311000   1.309 -0.570E+12 -0.575E+12
   1312000   1.310 -0.573E+12 -0.574E+12
   1313000   1.311 -0.566E+12 -0.571E+12
   1314000   1.312 -0.569E+12 -0.577E+12
   1315000   1.313 -0.574E+12 -0.567E+12
   1316000   1.314 -0.564E+12 -0.578E+12
   1317000   1.315 -0.570E+12 -0.573E+12
   1318000   1.316 -0.567E+12 -0.576E+12
   1319000   1.317 -0.564E+12 -0.578E+12
   1320000   1.318 -0.569E+12 -0.572E+12
   1321000   1.319 -0.565E+12 -0.575E+12
   1322000   1.320 -0.568E+12 -0.574E+12
   1323000   1.321 -0.567E+12 -0.571E+12
   1324000   1.322 -0.565E+12 -0.569E+12
   1325000   1.323 -0.564E+12 -0.570E+12
   1326000   1.324 -0.564E+12 -0.570E+12
   1327000   1.325 -0.564E+12 -0.571E+12
   1328000   1.326 -0.562E+12 -0.571E+12
   1329000   1.327 -0.563E+12 -0.570E+12
   1330000   1.328 -0.563E+12 -0.568E+12
   1331000   1.329 -0.562E+12 -0.569E+12
   1332000   1.330 -0.563E+12 -0.568E+12
   1333000   1.331 -0.564E+12 -0.568E+12
   1334000   1.332 -0.566E+12 -0.565E+12
   1335000   1.333 -0.562E+12 -0.568E+12
   1336000   1.334 -0.564E+12 -0.564E+12
   1337000   1.335 -0.560E+12 -0.565E+12
   1338000   1.336 -0.563E+12 -0.562E+12
   1339000   1.337 -0.563E+12 -0.565E+12
   1340000   1.338 -0.565E+12 -0.564E+12
   1341000   1.339 -0.564E+12 -0.565E+12
   1342000   1.340 -0.563E+12 -0.567E+12
   1343000   1.341 -0.564E+12 -0.567E+12
   1344000   1.342 -0.567E+12 -0.562E+12
   1345000   1.343 -0.565E+12 -0.566E+12
   1346000   1.344 -0.569E+12 -0.561E+12
   1347000   1.345 -0.566E+12 -0.564E+12
   1348000   1.346 -0.567E+12 -0.562E+12
   1349000   1.347 -0.565E+12 -0.564E+12
   1350000   1.348 -0.567E+12 -0.560E+12
   1351000   1.349 -0.563E+12 -0.563E+12
   1352000   1.350 -0.563E+12 -0.562E+12
   1353000   1.351 -0.562E+12 -0.560E+12
   1354000   1.352 -0.560E+12 -0.561E+12
   1355000   1.353 -0.561E+12 -0.561E+12
   1356000   1.354 -0.561E+12 -0.560E+12
   1357000   1.355 -0.561E+12 -0.559E+12
   1358000   1.356 -0.561E+12 -0.559E+12
   1359000   1.357 -0.561E+12 -0.559E+12
   1360000   1.357 -0.560E+12 -0.558E+12
   1361000   1.358 -0.562E+12 -0.559E+12
   1362000   1.359 -0.562E+12 -0.559E+12
   1363000   1.360 -0.561E+12 -0.559E+12
   1364000   1.361 -0.562E+12 -0.560E+12
   1365000   1.362 -0.563E+12 -0.560E+12
   1366000   1.363 -0.561E+12 -0.560E+12
   1367000   1.364 -0.563E+12 -0.561E+12
   1368000   1.365 -0.561E+12 -0.560E+12
   1369000   1.366 -0.562E+12 -0.560E+12
   1370000   1.367 -0.562E+12 -0.566E+12
   1371000   1.368 -0.561E+12 -0.569E+12
   1372000   1.369 -0.562E+12 -0.583E+12
   1373000   1.370 -0.561E+12 -0.595E+12
   1374000   1.371 -0.566E+12 -0.594E+12
   1375000   1.372 -0.569E+12 -0.596E+12
   1376000   1.373 -0.565E+12 -0.601E+12
   1377000   1.374 -0.571E+12 -0.595E+12
   1378000   1.375 -0.573E+12 -0.586E+12
   1379000   1.376 -0.570E+12 -0.604E+12
   1380000   1.377 -0.574E+12 -0.591E+12
   1381000   1.378 -0.579E+12 -0.588E+12
   1382000   1.379 -0.572E+12 -0.600E+12
   1383000   1.380 -0.576E+12 -0.598E+12
   1384000   1.381 -0.578E+12 -0.590E+12
   1385000   1.382 -0.575E+12 -0.602E+12
   1386000   1.383 -0.577E+12 -0.596E+12
   1387000   1.384 -0.579E+12 -0.596E+12
   1388000   1.385 -0.576E+12 -0.601E+12
   1389000   1.386 -0.579E+12 -0.601E+12
   1390000   1.387 -0.579E+12 -0.599E+12
   1391000   1.388 -0.578E+12 -0.599E+12
   1392000   1.389 -0.578E+12 -0.602E+12
   1393000   1.390 -0.578E+12 -0.604E+12
   1394000   1.391 -0.579E+12 -0.601E+12
   1395000   1.392 -0.579E+12 -0.603E+12
   1396000   1.393 -0.580E+12 -0.603E+12
   1397000   1.394 -0.580E+12 -0.602E+12
   1398000   1.395 -0.580E+12 -0.602E+12
   1399000   1.396 -0.581E+12 -0.602E+12
   1400000   1.397 -0.580E+12 -0.600E+12
   1401000   1.398 -0.581E+12 -0.602E+12
   1402000   1.399 -0.582E+12 -0.603E+12
   1403000   1.400 -0.654E+12 -0.622E+12
   1404000   1.401 -0.630E+12 -0.642E+12
   1405000   1.402 -0.636E+12 -0.627E+12
   1406000   1.403 -0.637E+12 -0.632E+12
   1407000   1.404 -0.649E+12 -0.627E+12
   1408000   1.405 -0.628E+12 -0.638E+12
   1409000   1.406 -0.630E+12 -0.622E+12
   1410000   1.407 -0.622E+12 -0.628E+12
   1411000   1.408 -0.623E+12 -0.620E+12
   1412000   1.409 -0.625E+12 -0.617E+12
   1413000   1.410 -0.621E+12 -0.623E+12
   1414000   1.411 -0.626E+12 -0.615E+12
   1415000   1.412 -0.618E+12 -0.613E+12
   1416000   1.413 -0.616E+12 -0.613E+12
   1417000   1.414 -0.617E+12 -0.615E+12
   1418000   1.415 -0.613E+12 -0.608E+12
   1419000   1.416 -0.615E+12 -0.612E+12
   1420000   1.417 -0.615E+12 -0.604E+12
   1421000   1.418 -0.612E+12 -0.608E+12
   1422000   1.419 -0.616E+12 -0.601E+12
   1423000   1.420 -0.610E+12 -0.611E+12
   1424000   1.421 -0.613E+12 -0.604E+12
   1425000   1.422 -0.613E+12 -0.606E+12
   1426000   1.423 -0.617E+12 -0.604E+12
   1427000   1.424 -0.611E+12 -0.605E+12
   1428000   1.425 -0.615E+12 -0.606E+12
   1429000   1.426 -0.614E+12 -0.608E+12
   1430000   1.427 -0.613E+12 -0.607E+12
   1431000   1.428 -0.615E+12 -0.612E+12
   1432000   1.429 -0.609E+12 -0.599E+12
   1433000   1.430 -0.609E+12 -0.610E+12
   1434000   1.431 -0.610E+12 -0.606E+12
   1435000   1.432 -0.615E+12 -0.603E+12
   1436000   1.433 -0.611E+12 -0.609E+12
   1437000   1.434 -0.610E+12 -0.605E+12
   1438000   1.435 -0.611E+12 -0.603E+12
   1439000   1.436 -0.611E+12 -0.605E+12
   1440000   1.437 -0.610E+12 -0.606E+12
   1441000   1.438 -0.614E+12 -0.605E+12
   1442000   1.439 -0.616E+12 -0.602E+12
   1443000   1.440 -0.611E+12 -0.608E+12
   1444000   1.441 -0.612E+12 -0.608E+12
   1445000   1.442 -0.615E+12 -0.606E+12
   1446000   1.443 -0.611E+12 -0.612E+12
   1447000   1.444 -0.619E+12 -0.603E+12
   1448000   1.445 -0.611E+12 -0.619E+12
   1449000   1.446 -0.622E+12 -0.608E+12
   1450000   1.447 -0.616E+12 -0.617E+12
   1451000   1.448 -0.619E+12 -0.611E+12
   1452000   1.449 -0.616E+12 -0.607E+12
   1453000   1.450 -0.619E+12 -0.612E+12
   1454000   1.451 -0.620E+12 -0.621E+12
   1455000   1.452 -0.620E+12 -0.620E+12
   1456000   1.453 -0.618E+12 -0.620E+12
   1457000   1.454 -0.629E+12 -0.611E+12
   1458000   1.455 -0.616E+12 -0.616E+12
   1459000   1.456 -0.624E+12 -0.633E+12
   1460000   1.457 -0.632E+12 -0.622E+12
   1461000   1.458 -0.641E+12 -0.628E+12
   1462000   1.459 -0.632E+12 -0.631E+12
   1463000   1.460 -0.650E+12 -0.640E+12
   1464000   1.461 -0.650E+12 -0.642E+12
   1465000   1.462 -0.665E+12 -0.644E+12
   1466000   1.463 -0.631E+12 -0.654E+12
   1467000   1.464 -0.683E+12 -0.665E+12
   1468000   1.465 -0.692E+12 -0.699E+12
   1469000   1.466 -0.697E+12 -0.684E+12
   1470000   1.467 -0.669E+12 -0.693E+12
   1471000   1.468 -0.685E+12 -0.672E+12
   1472000   1.469 -0.685E+12 -0.689E+12
   1473000   1.470 -0.675E+12 -0.678E+12
   1474000   1.471 -0.683E+12 -0.679E+12
   1475000   1.472 -0.669E+12 -0.684E+12
   1476000   1.473 -0.679E+12 -0.663E+12
   1477000   1.474 -0.679E+12 -0.663E+12
   1478000   1.475 -0.673E+12 -0.678E+12
   1479000   1.476 -0.669E+12 -0.666E+12
   1480000   1.477 -0.674E+12 -0.667E+12
   1481000   1.478 -0.670E+12 -0.674E+12
   1482000   1.479 -0.665E+12 -0.675E+12
   1483000   1.480 -0.668E+12 -0.651E+12
   1484000   1.481 -0.672E+12 -0.666E+12
   1485000   1.482 -0.670E+12 -0.663E+12
   1486000   1.483 -0.658E+12 -0.665E+12
   1487000   1.484 -0.662E+12 -0.675E+12
   1488000   1.485 -0.694E+12 -0.622E+12
   1489000   1.486 -0.663E+12 -0.640E+12
   1490000   1.487 -0.680E+12 -0.676E+12
   1491000   1.488 -0.670E+12 -0.629E+12
   1492000   1.489 -0.654E+12 -0.675E+12
   1493000   1.490 -0.634E+12 -0.691E+12
   1494000   1.491 -0.666E+12 -0.665E+12
   1495000   1.492 -0.663E+12 -0.667E+12
   1496000   1.493 -0.667E+12 -0.660E+12
   1497000   1.494 -0.664E+12 -0.657E+12
   1498000   1.495 -0.676E+12 -0.666E+12
   1499000   1.496 -0.642E+12 -0.677E+12
   1500000   1.497 -0.679E+12 -0.659E+12
   1501000   1.498 -0.664E+12 -0.657E+12
   1502000   1.499 -0.658E+12 -0.660E+12
   1503000   1.500 -0.671E+12 -0.662E+12
   1504000   1.501 -0.669E+12 -0.647E+12
   1505000   1.502 -0.657E+12 -0.668E+12
   1506000   1.503 -0.657E+12 -0.665E+12
   1507000   1.504 -0.675E+12 -0.661E+12
   1508000   1.505 -0.658E+12 -0.665E+12
   1509000   1.506 -0.672E+12 -0.644E+12
   1510000   1.507 -0.654E+12 -0.672E+12
   1511000   1.508 -0.669E+12 -0.654E+12
   1512000   1.509 -0.660E+12 -0.654E+12
   1513000   1.510 -0.667E+12 -0.673E+12
   1514000   1.511 -0.660E+12 -0.650E+12
   1515000   1.512 -0.667E+12 -0.664E+12
   1516000   1.513 -0.662E+12 -0.659E+12
   1517000   1.514 -0.658E+12 -0.662E+12
   1518000   1.515 -0.674E+12 -0.652E+12
   1519000   1.516 -0.656E+12 -0.651E+12
   1520000   1.517 -0.632E+12 -0.637E+12
   1521000   1.518 -0.628E+12 -0.642E+12
   1522000   1.519 -0.629E+12 -0.643E+12
   1523000   1.520 -0.629E+12 -0.637E+12
   1524000   1.521 -0.625E+12 -0.646E+12
   1525000   1.522 -0.623E+12 -0.627E+12
   1526000   1.523 -0.618E+12 -0.642E+12
   1527000   1.524 -0.622E+12 -0.628E+12
   1528000   1.525 -0.621E+12 -0.627E+12
   1529000   1.526 -0.616E+12 -0.634E+12
   1530000   1.527 -0.609E+12 -0.621E+12
   1531000   1.528 -0.607E+12 -0.623E+12
   1532000   1.529 -0.610E+12 -0.625E+12
   1533000   1.530 -0.606E+12 -0.620E+12
   1534000   1.531 -0.618E+12 -0.615E+12
   1535000   1.532 -0.606E+12 -0.622E+12
   1536000   1.533 -0.611E+12 -0.617E+12
   1537000   1.534 -0.607E+12 -0.618E+12
   1538000   1.535 -0.611E+12 -0.617E+12
   1539000   1.536 -0.608E+12 -0.620E+12
   1540000   1.537 -0.613E+12 -0.618E+12
   1541000   1.538 -0.607E+12 -0.621E+12
   1542000   1.539 -0.609E+12 -0.620E+12
   1543000   1.540 -0.612E+12 -0.619E+12
   1544000   1.541 -0.608E+12 -0.615E+12
   1545000   1.542 -0.611E+12 -0.619E+12
   1546000   1.543 -0.609E+12 -0.620E+12
   1547000   1.544 -0.614E+12 -0.615E+12
   1548000   1.545 -0.608E+12 -0.627E+12
   1549000   1.546 -0.616E+12 -0.616E+12
   1550000   1.547 -0.612E+12 -0.622E+12
   1551000   1.548 -0.612E+12 -0.622E+12
   1552000   1.549 -0.610E+12 -0.621E+12
   1553000   1.550 -0.611E+12 -0.620E+12
   1554000   1.551 -0.613E+12 -0.617E+12
   1555000   1.552 -0.613E+12 -0.621E+12
   1556000   1.553 -0.614E+12 -0.619E+12
   1557000   1.554 -0.612E+12 -0.622E+12
   1558000   1.555 -0.627E+12 -0.617E+12
   1559000   1.556 -0.608E+12 -0.620E+12
   1560000   1.557 -0.611E+12 -0.622E+12
   1561000   1.558 -0.615E+12 -0.613E+12
   1562000   1.559 -0.611E+12 -0.620E+12
   1563000   1.560 -0.610E+12 -0.622E+12
   1564000   1.561 -0.614E+12 -0.617E+12
   1565000   1.562 -0.612E+12 -0.620E+12
   1566000   1.563 -0.615E+12 -0.615E+12
   1567000   1.564 -0.612E+12 -0.622E+12
   1568000   1.565 -0.614E+12 -0.623E+12
   1569000   1.566 -0.616E+12 -0.618E+12
   1570000   1.567 -0.612E+12 -0.628E+12
   1571000   1.568 -0.615E+12 -0.628E+12
   1572000   1.569 -0.624E+12 -0.620E+12
   1573000   1.570 -0.617E+12 -0.625E+12
   1574000   1.571 -0.620E+12 -0.624E+12
   1575000   1.572 -0.614E+12 -0.625E+12
   1576000   1.573 -0.622E+12 -0.623E+12
   1577000   1.574 -0.620E+12 -0.626E+12
   1578000   1.575 -0.649E+12 -0.637E+12
   1579000   1.576 -0.667E+12 -0.633E+12
   1580000   1.577 -0.686E+12 -0.659E+12
   1581000   1.578 -0.677E+12 -0.690E+12
   1582000   1.579 -0.688E+12 -0.688E+12
   1583000   1.580 -0.680E+12 -0.687E+12
   1584000   1.581 -0.690E+12 -0.692E+12
   1585000   1.582 -0.689E+12 -0.690E+12
   1586000   1.583 -0.691E+12 -0.686E+12
   1587000   1.584 -0.690E+12 -0.691E+12
   1588000   1.585 -0.694E+12 -0.691E+12
   1589000   1.586 -0.692E+12 -0.694E+12
   1590000   1.587 -0.692E+12 -0.689E+12
   1591000   1.588 -0.690E+12 -0.688E+12
   1592000   1.589 -0.683E+12 -0.676E+12
   1593000   1.590 -0.679E+12 -0.678E+12
   1594000   1.591 -0.682E+12 -0.693E+12
   1595000   1.592 -0.686E+12 -0.696E+12
   1596000   1.593 -0.685E+12 -0.691E+12
   1597000   1.594 -0.693E+12 -0.689E+12
   1598000   1.595 -0.690E+12 -0.690E+12
   1599000   1.596 -0.680E+12 -0.688E+12
   1600000   1.597 -0.677E+12 -0.685E+12
   1601000   1.598 -0.668E+12 -0.680E+12
   1602000   1.599 -0.665E+12 -0.676E+12
   1603000   1.600 -0.675E+12 -0.663E+12
   1604000   1.601 -0.679E+12 -0.669E+12
   1605000   1.602 -0.674E+12 -0.660E+12
   1606000   1.603 -0.664E+12 -0.670E+12
   1607000   1.604 -0.674E+12 -0.668E+12
   1608000   1.605 -0.668E+12 -0.690E+12
   1609000   1.606 -0.689E+12 -0.664E+12
   1610000   1.607 -0.672E+12 -0.661E+12
   1611000   1.608 -0.679E+12 -0.669E+12
   1612000   1.609 -0.676E+12 -0.659E+12
   1613000   1.610 -0.660E+12 -0.674E+12
   1614000   1.611 -0.678E+12 -0.659E+12
   1615000   1.612 -0.650E+12 -0.686E+12
   1616000   1.613 -0.692E+12 -0.657E+12
   1617000   1.614 -0.669E+12 -0.686E+12
   1618000   1.615 -0.677E+12 -0.666E+12
   1619000   1.616 -0.658E+12 -0.677E+12
   1620000   1.617 -0.681E+12 -0.671E+12
   1621000   1.618 -0.679E+12 -0.688E+12
   1622000   1.619 -0.684E+12 -0.669E+12
   1623000   1.620 -0.678E+12 -0.669E+12
   1624000   1.621 -0.667E+12 -0.676E+12
   1625000   1.622 -0.693E+12 -0.662E+12
   1626000   1.623 -0.640E+12 -0.685E+12
   1627000   1.624 -0.692E+12 -0.644E+12
   1628000   1.625 -0.657E+12 -0.699E+12
   1629000   1.626 -0.691E+12 -0.645E+12
   1630000   1.627 -0.665E+12 -0.695E+12
   1631000   1.628 -0.683E+12 -0.668E+12
   1632000   1.629 -0.679E+12 -0.685E+12
   1633000   1.630 -0.674E+12 -0.687E+12
   1634000   1.631 -0.658E+12 -0.689E+12
   1635000   1.632 -0.694E+12 -0.667E+12
   1636000   1.633 -0.673E+12 -0.677E+12
   1637000   1.634 -0.621E+12 -0.636E+12
   1638000   1.635 -0.620E+12 -0.622E+12
   1639000   1.636 -0.605E+12 -0.639E+12
   1640000   1.637 -0.607E+12 -0.613E+12
   1641000   1.638 -0.590E+12 -0.612E+12
   1642000   1.639 -0.604E+12 -0.601E+12
   1643000   1.640 -0.582E+12 -0.604E+12
   1644000   1.641 -0.588E+12 -0.593E+12
   1645000   1.642 -0.589E+12 -0.594E+12
   1646000   1.643 -0.584E+12 -0.594E+12
   1647000   1.644 -0.589E+12 -0.587E+12
   1648000   1.645 -0.575E+12 -0.592E+12
   1649000   1.646 -0.588E+12 -0.585E+12
   1650000   1.647 -0.579E+12 -0.597E+12
   1651000   1.648 -0.587E+12 -0.583E+12
   1652000   1.649 -0.573E+12 -0.589E+12
   1653000   1.650 -0.579E+12 -0.580E+12
   1654000   1.651 -0.572E+12 -0.585E+12
   1655000   1.652 -0.573E+12 -0.584E+12
   1656000   1.653 -0.574E+12 -0.581E+12
   1657000   1.654 -0.570E+12 -0.578E+12
   1658000   1.655 -0.570E+12 -0.579E+12
   1659000   1.656 -0.568E+12 -0.578E+12
   1660000   1.657 -0.566E+12 -0.577E+12
   1661000   1.658 -0.565E+12 -0.576E+12
   1662000   1.659 -0.563E+12 -0.576E+12
   1663000   1.660 -0.563E+12 -0.574E+12
   1664000   1.661 -0.561E+12 -0.573E+12
   1665000   1.662 -0.561E+12 -0.573E+12
   1666000   1.663 -0.561E+12 -0.574E+12
   1667000   1.664 -0.560E+12 -0.574E+12
   1668000   1.665 -0.560E+12 -0.571E+12
   1669000   1.666 -0.560E+12 -0.573E+12
   1670000   1.667 -0.558E+12 -0.571E+12
   1671000   1.668 -0.557E+12 -0.571E+12
   1672000   1.669 -0.562E+12 -0.573E+12
   1673000   1.670 -0.560E+12 -0.573E+12
   1674000   1.671 -0.557E+12 -0.570E+12
   1675000   1.672 -0.558E+12 -0.569E+12
   1676000   1.673 -0.557E+12 -0.570E+12
   1677000   1.674 -0.564E+12 -0.571E+12
   1678000   1.675 -0.557E+12 -0.572E+12
   1679000   1.676 -0.558E+12 -0.572E+12
   1680000   1.677 -0.557E+12 -0.571E+12
   1681000   1.678 -0.557E+12 -0.570E+12
   1682000   1.679 -0.558E+12 -0.583E+12
   1683000   1.680 -0.562E+12 -0.572E+12
   1684000   1.681 -0.558E+12 -0.573E+12
   1685000   1.682 -0.560E+12 -0.573E+12
   1686000   1.683 -0.559E+12 -0.571E+12
   1687000   1.684 -0.558E+12 -0.575E+12
   1688000   1.685 -0.562E+12 -0.576E+12
   1689000   1.686 -0.559E+12 -0.575E+12
   1690000   1.687 -0.561E+12 -0.573E+12
   1691000   1.688 -0.558E+12 -0.575E+12
   1692000   1.689 -0.561E+12 -0.571E+12
   1693000   1.690 -0.560E+12 -0.573E+12
   1694000   1.691 -0.562E+12 -0.573E+12
   1695000   1.692 -0.562E+12 -0.574E+12
   1696000   1.693 -0.563E+12 -0.576E+12
   1697000   1.694 -0.561E+12 -0.577E+12
   1698000   1.695 -0.563E+12 -0.576E+12
   1699000   1.696 -0.562E+12 -0.576E+12
   1700000   1.697 -0.563E+12 -0.576E+12
   1701000   1.698 -0.563E+12 -0.576E+12
   1702000   1.699 -0.564E+12 -0.576E+12
   1703000   1.700 -0.563E+12 -0.577E+12
   1704000   1.701 -0.563E+12 -0.575E+12
   1705000   1.702 -0.563E+12 -0.576E+12
   1706000   1.703 -0.563E+12 -0.575E+12
   1707000   1.704 -0.565E+12 -0.575E+12
   1708000   1.705 -0.563E+12 -0.576E+12
   1709000   1.706 -0.563E+12 -0.572E+12
   1710000   1.707 -0.573E+12 -0.579E+12
   1711000   1.708 -0.563E+12 -0.580E+12
   1712000   1.709 -0.569E+12 -0.576E+12
   1713000   1.710 -0.565E+12 -0.578E+12
   1714000   1.711 -0.566E+12 -0.578E+12
   1715000   1.712 -0.566E+12 -0.575E+12
   1716000   1.713 -0.564E+12 -0.577E+12
   1717000   1.714 -0.565E+12 -0.575E+12
   1718000   1.715 -0.563E+12 -0.576E+12
   1719000   1.716 -0.565E+12 -0.574E+12
   1720000   1.717 -0.563E+12 -0.576E+12
   1721000   1.718 -0.565E+12 -0.575E+12
   1722000   1.719 -0.564E+12 -0.576E+12
   1723000   1.720 -0.564E+12 -0.576E+12
   1724000   1.721 -0.564E+12 -0.576E+12
   1725000   1.722 -0.564E+12 -0.576E+12
   1726000   1.723 -0.565E+12 -0.576E+12
   1727000   1.724 -0.565E+12 -0.577E+12
   1728000   1.725 -0.566E+12 -0.578E+12
   1729000   1.726 -0.567E+12 -0.579E+12
   1730000   1.727 -0.568E+12 -0.580E+12
   1731000   1.728 -0.568E+12 -0.580E+12
   1732000   1.729 -0.568E+12 -0.581E+12
   1733000   1.730 -0.568E+12 -0.582E+12
   1734000   1.731 -0.569E+12 -0.582E+12
   1735000   1.732 -0.569E+12 -0.582E+12
   1736000   1.733 -0.570E+12 -0.582E+12
   1737000   1.734 -0.569E+12 -0.582E+12
   1738000   1.735 -0.570E+12 -0.583E+12
   1739000   1.736 -0.570E+12 -0.583E+12
   1740000   1.737 -0.570E+12 -0.583E+12
   1741000   1.738 -0.571E+12 -0.583E+12
   1742000   1.739 -0.571E+12 -0.584E+12
   1743000   1.740 -0.571E+12 -0.584E+12
   1744000   1.741 -0.571E+12 -0.583E+12
   1745000   1.742 -0.570E+12 -0.583E+12
   1746000   1.743 -0.570E+12 -0.582E+12
   1747000   1.744 -0.571E+12 -0.583E+12
   1748000   1.745 -0.571E+12 -0.583E+12
   1749000   1.746 -0.571E+12 -0.583E+12
   1750000   1.747 -0.571E+12 -0.584E+12
   1751000   1.748 -0.572E+12 -0.583E+12
   1752000   1.749 -0.574E+12 -0.594E+12
   1753000   1.750 -0.636E+12 -0.640E+12
   1754000   1.751 -0.586E+12 -0.590E+12
   1755000   1.752 -0.584E+12 -0.583E+12
   1756000   1.753 -0.588E+12 -0.587E+12
   1757000   1.754 -0.583E+12 -0.596E+12
   1758000   1.755 -0.578E+12 -0.582E+12
   1759000   1.756 -0.585E+12 -0.581E+12
   1760000   1.757 -0.577E+12 -0.581E+12
   1761000   1.758 -0.577E+12 -0.578E+12
   1762000   1.759 -0.575E+12 -0.583E+12
   1763000   1.760 -0.576E+12 -0.596E+12
   1764000   1.761 -0.582E+12 -0.586E+12
   1765000   1.762 -0.580E+12 -0.576E+12
   1766000   1.763 -0.587E+12 -0.579E+12
   1767000   1.764 -0.570E+12 -0.581E+12
   1768000   1.765 -0.576E+12 -0.570E+12
   1769000   1.766 -0.566E+12 -0.581E+12
   1770000   1.767 -0.574E+12 -0.571E+12
   1771000   1.768 -0.567E+12 -0.575E+12
   1772000   1.769 -0.569E+12 -0.571E+12
   1773000   1.770 -0.564E+12 -0.574E+12
   1774000   1.771 -0.567E+12 -0.571E+12
   1775000   1.772 -0.566E+12 -0.572E+12
   1776000   1.773 -0.564E+12 -0.572E+12
   1777000   1.774 -0.567E+12 -0.570E+12
   1778000   1.775 -0.566E+12 -0.573E+12
   1779000   1.776 -0.565E+12 -0.569E+12
   1780000   1.777 -0.566E+12 -0.573E+12
   1781000   1.778 -0.569E+12 -0.569E+12
   1782000   1.779 -0.563E+12 -0.574E+12
   1783000   1.780 -0.565E+12 -0.568E+12
   1784000   1.781 -0.562E+12 -0.570E+12
   1785000   1.782 -0.559E+12 -0.566E+12
   1786000   1.783 -0.563E+12 -0.566E+12
   1787000   1.784 -0.558E+12 -0.573E+12
   1788000   1.785 -0.560E+12 -0.572E+12
   1789000   1.786 -0.564E+12 -0.566E+12
   1790000   1.787 -0.558E+12 -0.567E+12
   1791000   1.788 -0.561E+12 -0.565E+12
   1792000   1.789 -0.557E+12 -0.572E+12
   1793000   1.790 -0.564E+12 -0.564E+12
   1794000   1.791 -0.556E+12 -0.567E+12
   1795000   1.792 -0.559E+12 -0.565E+12
   1796000   1.793 -0.559E+12 -0.566E+12
   1797000   1.794 -0.557E+12 -0.568E+12
   1798000   1.795 -0.561E+12 -0.566E+12
   1799000   1.796 -0.556E+12 -0.568E+12
   1800000   1.797 -0.558E+12 -0.565E+12
   1801000   1.798 -0.555E+12 -0.570E+12
   1802000   1.799 -0.564E+12 -0.564E+12
   1803000   1.800 -0.557E+12 -0.569E+12
   1804000   1.801 -0.558E+12 -0.564E+12
   1805000   1.802 -0.565E+12 -0.564E+12
   1806000   1.803 -0.558E+12 -0.572E+12
   1807000   1.804 -0.565E+12 -0.563E+12
   1808000   1.805 -0.554E+12 -0.570E+12
   1809000   1.806 -0.562E+12 -0.564E+12
   1810000   1.807 -0.556E+12 -0.570E+12
   1811000   1.808 -0.563E+12 -0.566E+12
   1812000   1.809 -0.558E+12 -0.569E+12
   1813000   1.810 -0.562E+12 -0.569E+12
   1814000   1.811 -0.562E+12 -0.568E+12
   1815000   1.812 -0.565E+12 -0.583E+12
   1816000   1.813 -0.561E+12 -0.569E+12
   1817000   1.814 -0.566E+12 -0.576E+12
   1818000   1.815 -0.569E+12 -0.571E+12
   1819000   1.816 -0.580E+12 -0.584E+12
   1820000   1.817 -0.588E+12 -0.594E+12
   1821000   1.818 -0.580E+12 -0.604E+12
   1822000   1.819 -0.586E+12 -0.614E+12
   1823000   1.820 -0.580E+12 -0.588E+12
   1824000   1.821 -0.595E+12 -0.568E+12
   1825000   1.822 -0.588E+12 -0.582E+12
   1826000   1.823 -0.576E+12 -0.577E+12
   1827000   1.824 -0.580E+12 -0.590E+12
   1828000   1.825 -0.617E+12 -0.604E+12
   1829000   1.826 -0.631E+12 -0.580E+12
   1830000   1.827 -0.607E+12 -0.619E+12
   1831000   1.828 -0.620E+12 -0.609E+12
   1832000   1.829 -0.618E+12 -0.630E+12
   1833000   1.830 -0.631E+12 -0.631E+12
   1834000   1.831 -0.610E+12 -0.619E+12
   1835000   1.832 -0.622E+12 -0.622E+12
   1836000   1.833 -0.619E+12 -0.628E+12
   1837000   1.834 -0.633E+12 -0.632E+12
   1838000   1.835 -0.622E+12 -0.627E+12
   1839000   1.836 -0.623E+12 -0.619E+12
   1840000   1.837 -0.613E+12 -0.628E+12
   1841000   1.838 -0.632E+12 -0.613E+12
   1842000   1.839 -0.611E+12 -0.629E+12
   1843000   1.840 -0.629E+12 -0.615E+12
   1844000   1.841 -0.615E+12 -0.633E+12
   1845000   1.842 -0.629E+12 -0.613E+12
   1846000   1.843 -0.601E+12 -0.632E+12
   1847000   1.844 -0.630E+12 -0.606E+12
   1848000   1.845 -0.594E+12 -0.621E+12
   1849000   1.846 -0.622E+12 -0.615E+12
   1850000   1.847 -0.615E+12 -0.595E+12
   1851000   1.848 -0.611E+12 -0.603E+12
   1852000   1.849 -0.628E+12 -0.579E+12
   1853000   1.850 -0.599E+12 -0.590E+12
   1854000   1.851 -0.626E+12 -0.587E+12
   1855000   1.852 -0.619E+12 -0.597E+12
   1856000   1.853 -0.610E+12 -0.598E+12
   1857000   1.854 -0.620E+12 -0.608E+12
   1858000   1.855 -0.587E+12 -0.619E+12
   1859000   1.856 -0.611E+12 -0.603E+12
   1860000   1.857 -0.599E+12 -0.621E+12
   1861000   1.858 -0.621E+12 -0.611E+12
   1862000   1.859 -0.619E+12 -0.605E+12
   1863000   1.860 -0.617E+12 -0.600E+12
   1864000   1.861 -0.622E+12 -0.597E+12
   1865000   1.862 -0.606E+12 -0.620E+12
   1866000   1.863 -0.585E+12 -0.625E+12
   1867000   1.864 -0.599E+12 -0.622E+12
   1868000   1.865 -0.615E+12 -0.615E+12
   1869000   1.866 -0.624E+12 -0.595E+12
   1870000   1.867 -0.663E+12 -0.657E+12
   1871000   1.868 -0.616E+12 -0.623E+12
   1872000   1.869 -0.604E+12 -0.607E+12
   1873000   1.870 -0.608E+12 -0.603E+12
   1874000   1.871 -0.599E+12 -0.603E+12
   1875000   1.872 -0.603E+12 -0.601E+12
   1876000   1.873 -0.599E+12 -0.602E+12
   1877000   1.874 -0.601E+12 -0.600E+12
   1878000   1.875 -0.608E+12 -0.600E+12
   1879000   1.876 -0.594E+12 -0.602E+12
   1880000   1.877 -0.596E+12 -0.595E+12
   1881000   1.878 -0.593E+12 -0.599E+12
   1882000   1.879 -0.594E+12 -0.595E+12
   1883000   1.880 -0.591E+12 -0.590E+12
   1884000   1.881 -0.601E+12 -0.593E+12
   1885000   1.882 -0.588E+12 -0.592E+12
   1886000   1.883 -0.588E+12 -0.588E+12
   1887000   1.884 -0.588E+12 -0.588E+12
   1888000   1.885 -0.587E+12 -0.586E+12
   1889000   1.886 -0.594E+12 -0.583E+12
   1890000   1.887 -0.580E+12 -0.591E+12
   1891000   1.888 -0.583E+12 -0.579E+12
   1892000   1.889 -0.583E+12 -0.581E+12
   1893000   1.890 -0.587E+12 -0.579E+12
   1894000   1.891 -0.578E+12 -0.583E+12
   1895000   1.892 -0.580E+12 -0.580E+12
   1896000   1.893 -0.577E+12 -0.584E+12
   1897000   1.894 -0.581E+12 -0.581E+12
   1898000   1.895 -0.579E+12 -0.586E+12
   1899000   1.896 -0.581E+12 -0.581E+12
   1900000   1.897 -0.580E+12 -0.582E+12
   1901000   1.898 -0.584E+12 -0.580E+12
   1902000   1.899 -0.578E+12 -0.586E+12
   1903000   1.900 -0.586E+12 -0.577E+12
   1904000   1.900 -0.577E+12 -0.585E+12
   1905000   1.901 -0.584E+12 -0.581E+12
   1906000   1.902 -0.580E+12 -0.589E+12
   1907000   1.903 -0.585E+12 -0.587E+12
   1908000   1.904 -0.577E+12 -0.585E+12
   1909000   1.905 -0.592E+12 -0.585E+12
   1910000   1.906 -0.583E+12 -0.588E+12
   1911000   1.907 -0.583E+12 -0.588E+12
   1912000   1.908 -0.588E+12 -0.580E+12
   1913000   1.909 -0.579E+12 -0.592E+12
   1914000   1.910 -0.591E+12 -0.576E+12
   1915000   1.911 -0.584E+12 -0.589E+12
   1916000   1.912 -0.587E+12 -0.586E+12
   1917000   1.913 -0.582E+12 -0.589E+12
   1918000   1.914 -0.590E+12 -0.594E+12
   1919000   1.915 -0.581E+12 -0.590E+12
   1920000   1.916 -0.590E+12 -0.585E+12
   1921000   1.917 -0.587E+12 -0.592E+12
   1922000   1.918 -0.590E+12 -0.591E+12
   1923000   1.919 -0.584E+12 -0.611E+12
   1924000   1.920 -0.594E+12 -0.590E+12
   1925000   1.921 -0.597E+12 -0.602E+12
   1926000   1.922 -0.612E+12 -0.594E+12
   1927000   1.923 -0.665E+12 -0.598E+12
   1928000   1.924 -0.656E+12 -0.652E+12
   1929000   1.925 -0.659E+12 -0.660E+12
   1930000   1.926 -0.663E+12 -0.658E+12
   1931000   1.927 -0.649E+12 -0.664E+12
   1932000   1.928 -0.659E+12 -0.651E+12
   1933000   1.929 -0.640E+12 -0.671E+12
   1934000   1.930 -0.670E+12 -0.661E+12
   1935000   1.931 -0.662E+12 -0.677E+12
   1936000   1.932 -0.669E+12 -0.663E+12
   1937000   1.933 -0.662E+12 -0.672E+12
   1938000   1.934 -0.664E+12 -0.673E+12
   1939000   1.935 -0.668E+12 -0.655E+12
   1940000   1.936 -0.656E+12 -0.675E+12
   1941000   1.937 -0.668E+12 -0.680E+12
   1942000   1.938 -0.667E+12 -0.658E+12
   1943000   1.939 -0.656E+12 -0.669E+12
   1944000   1.940 -0.669E+12 -0.662E+12
   1945000   1.941 -0.659E+12 -0.664E+12
   1946000   1.942 -0.671E+12 -0.651E+12
   1947000   1.943 -0.646E+12 -0.667E+12
   1948000   1.944 -0.647E+12 -0.636E+12
   1949000   1.945 -0.635E+12 -0.663E+12
   1950000   1.946 -0.645E+12 -0.642E+12
   1951000   1.947 -0.640E+12 -0.646E+12
   1952000   1.948 -0.633E+12 -0.649E+12
   1953000   1.949 -0.644E+12 -0.636E+12
   1954000   1.950 -0.633E+12 -0.650E+12
   1955000   1.951 -0.647E+12 -0.636E+12
   1956000   1.952 -0.626E+12 -0.645E+12
   1957000   1.953 -0.639E+12 -0.631E+12
   1958000   1.954 -0.615E+12 -0.644E+12
   1959000   1.955 -0.642E+12 -0.626E+12
   1960000   1.956 -0.614E+12 -0.648E+12
   1961000   1.957 -0.649E+12 -0.617E+12
   1962000   1.958 -0.626E+12 -0.653E+12
   1963000   1.959 -0.653E+12 -0.625E+12
   1964000   1.960 -0.644E+12 -0.658E+12
   1965000   1.961 -0.654E+12 -0.654E+12
   1966000   1.962 -0.661E+12 -0.667E+12
   1967000   1.963 -0.668E+12 -0.669E+12
   1968000   1.964 -0.672E+12 -0.668E+12
   1969000   1.965 -0.655E+12 -0.669E+12
   1970000   1.966 -0.676E+12 -0.661E+12
   1971000   1.967 -0.650E+12 -0.642E+12
   1972000   1.968 -0.629E+12 -0.661E+12
   1973000   1.969 -0.665E+12 -0.656E+12
   1974000   1.970 -0.655E+12 -0.672E+12
   1975000   1.971 -0.669E+12 -0.644E+12
   1976000   1.972 -0.644E+12 -0.678E+12
   1977000   1.973 -0.656E+12 -0.660E+12
   1978000   1.974 -0.644E+12 -0.670E+12
   1979000   1.975 -0.661E+12 -0.667E+12
   1980000   1.976 -0.624E+12 -0.656E+12
   1981000   1.977 -0.655E+12 -0.632E+12
   1982000   1.978 -0.627E+12 -0.664E+12
   1983000   1.979 -0.646E+12 -0.628E+12
   1984000   1.980 -0.636E+12 -0.663E+12
   1985000   1.981 -0.666E+12 -0.649E+12
   1986000   1.982 -0.644E+12 -0.676E+12
   1987000   1.983 -0.646E+12 -0.637E+12
   1988000   1.984 -0.603E+12 -0.639E+12
   1989000   1.985 -0.618E+12 -0.615E+12
   1990000   1.986 -0.610E+12 -0.626E+12
   1991000   1.987 -0.609E+12 -0.619E+12
   1992000   1.988 -0.598E+12 -0.623E+12
   1993000   1.989 -0.599E+12 -0.610E+12
   1994000   1.990 -0.592E+12 -0.613E+12
   1995000   1.991 -0.590E+12 -0.616E+12
   1996000   1.992 -0.587E+12 -0.611E+12
   1997000   1.993 -0.588E+12 -0.604E+12
   1998000   1.994 -0.579E+12 -0.604E+12
   1999000   1.995 -0.585E+12 -0.600E+12
   2000000   1.996 -0.580E+12 -0.603E+12
   2001000   1.997 -0.581E+12 -0.597E+12
   2002000   1.998 -0.578E+12 -0.601E+12
   2003000   1.999 -0.585E+12 -0.597E+12
   2004000   2.000 -0.584E+12 -0.600E+12
   2005000   2.001 -0.593E+12 -0.595E+12
   2006000   2.002 -0.581E+12 -0.602E+12
   2007000   2.003 -0.589E+12 -0.595E+12
   2008000   2.004 -0.584E+12 -0.599E+12
   2009000   2.005 -0.579E+12 -0.602E+12
   2010000   2.006 -0.598E+12 -0.589E+12
   2011000   2.007 -0.576E+12 -0.611E+12
   2012000   2.008 -0.591E+12 -0.588E+12
   2013000   2.009 -0.584E+12 -0.599E+12
   2014000   2.010 -0.588E+12 -0.597E+12
   2015000   2.011 -0.590E+12 -0.596E+12
   2016000   2.012 -0.582E+12 -0.604E+12
   2017000   2.013 -0.590E+12 -0.592E+12
   2018000   2.014 -0.583E+12 -0.602E+12
   2019000   2.015 -0.595E+12 -0.591E+12
   2020000   2.016 -0.585E+12 -0.601E+12
   2021000   2.017 -0.590E+12 -0.592E+12
   2022000   2.018 -0.591E+12 -0.602E+12
   2023000   2.019 -0.590E+12 -0.596E+12
   2024000   2.020 -0.586E+12 -0.599E+12
   2025000   2.021 -0.588E+12 -0.601E+12
   2026000   2.022 -0.597E+12 -0.593E+12
   2027000   2.023 -0.586E+12 -0.603E+12
   2028000   2.024 -0.593E+12 -0.593E+12
   2029000   2.025 -0.585E+12 -0.600E+12
   2030000   2.026 -0.591E+12 -0.596E+12
   2031000   2.027 -0.587E+12 -0.602E+12
   2032000   2.028 -0.592E+12 -0.595E+12
   2033000   2.029 -0.589E+12 -0.602E+12
   2034000   2.030 -0.596E+12 -0.596E+12
   2035000   2.031 -0.587E+12 -0.602E+12
   2036000   2.032 -0.592E+12 -0.598E+12
   2037000   2.033 -0.588E+12 -0.601E+12
   2038000   2.034 -0.593E+12 -0.599E+12
   2039000   2.035 -0.590E+12 -0.600E+12
   2040000   2.036 -0.588E+12 -0.599E+12
   2041000   2.037 -0.594E+12 -0.604E+12
